<?xml version='1.0' encoding='utf-8'?>
<!-- FreeCAD DocumentObject -->
<Document SchemaVersion="4" FileVersion="2">
<Object name="Body" Extensions="True">
  <Extensions Count="1">
    <Extension type="App::OriginGroupExtension" name="OriginGroupExtension">
    </Extension>
  </Extensions>
  <Properties Count="21" TransientCount="2">
    <_Property name="_ElementMapVersion" type="App::PropertyString" status="234881024"/>
    <_Property name="_GroupTouched" type="App::PropertyBool" status="100663424"/>
    <Property name="AutoGroupSolids" type="App::PropertyBool" status="134217728">
      <Bool value="false"/>
    </Property>
    <Property name="BaseFeature" type="App::PropertyLink">
      <Link value=""/>
    </Property>
    <Property name="ClaimAllChildren" type="App::PropertyBool" status="8">
      <Bool value="false"/>
    </Property>
    <Property name="ColoredElements" type="App::PropertyLinkSubHidden" status="218103808">
      <LinkSub value="" count="0">
      </LinkSub>
    </Property>
    <Property name="ExportMode" type="App::PropertyEnumeration" status="8">
      <Integer value="0"/>
    </Property>
    <Property name="ExpressionEngine" type="App::PropertyExpressionEngine" status="67108864">
      <ExpressionEngine count="0"></ExpressionEngine>
    </Property>
    <Property name="FixShape" type="App::PropertyEnumeration">
      <Integer value="1"/>
    </Property>
    <Property name="Group" type="App::PropertyLinkList" status="1">
      <LinkList count="13">
        <Link value="Sketch"/>
        <Link value="Pad"/>
        <Link value="Pad002"/>
        <Link value="Sketch001"/>
        <Link value="Sketch002"/>
        <Link value="Pocket"/>
        <Link value="Pad001"/>
        <Link value="Sketch004"/>
        <Link value="Pocket001"/>
        <Link value="Fillet"/>
        <Link value="Fillet001"/>
        <Link value="Fillet002"/>
        <Link value="Sketch003"/>
      </LinkList>
    </Property>
    <Property name="InvalidShape" type="App::PropertyBool" status="67108864">
      <Bool value="false"/>
    </Property>
    <Property name="Label" type="App::PropertyString" status="134217728">
      <String value="Body"/>
    </Property>
    <Property name="Label2" type="App::PropertyString" status="128">
      <String value=""/>
    </Property>
    <Property name="Origin" type="App::PropertyLink" status="67108864">
      <Link value="Origin"/>
    </Property>
    <Property name="Placement" type="App::PropertyPlacement" status="8388608">
      <PropertyPlacement Px="0" Py="0" Pz="0" Q0="0" Q1="0" Q2="0" Q3="1" A="0" Ox="0" Oy="0" Oz="1"/>
    </Property>
    <Property name="Shape" type="Part::PropertyPartShape">
      <Part HasherIndex="0" ElementMap="1.15.70200.4" brep="1">
<![CDATA[

CASCADE Topology V1, (c) Matra-Datavision
Locations 38
1
              1               0               0               0 
              0               1               0               0 
              0               0               1               0 
1
              1               0               0               0 
              0               1               0               0 
              0               0               1               0 
1
              1               0               0               0 
              0               1               0               0 
              0               0               1               0 
1
              1               0               0               0 
              0               1               0               0 
              0               0               1               0 
2  2 1 3 1 4 1 0
2  4 -1 3 -1 2 -1 0
1
              1               0               0               0 
              0               1               0               0 
              0               0               1               0 
1
              1               0               0               0 
              0 -4.44089209850063e-16              -1               0 
              0               1 -4.44089209850063e-16               0 
1
              1               0               0              -0 
              0               1               0            2.54 
              0               0               1 1.12798659301916e-15 
2  7 1 8 1 9 1 2 1 3 1 4 1 0
1
              1               0               0               0 
              0               1               0               0 
              0               0               1               0 
2  11 -1 4 -1 3 -1 2 -1 9 -1 8 -1 7 -1 0
2  11 -1 0
2  11 -1 4 -1 0
2  3 1 4 1 0
2  11 -1 4 -1 3 -1 0
1
              1               0               0               0 
              0 2.22044604925031e-16              -1               0 
              0               1 2.22044604925031e-16               0 
1
              1               0               0              -0 
              0               1               0            2.54 
              0               0               1 1.12798659301916e-15 
2  17 1 18 1 2 1 3 1 4 1 0
2  18 -1 17 -1 0
2  11 -1 4 -1 3 -1 2 -1 18 -1 17 -1 0
2  11 -1 4 -1 3 -1 2 -1 0
2  2 1 3 1 0
1
              1               0               0               0 
              0               1               0           -5.08 
              0               0               1 -2.25597318603832e-15 
2  7 1 8 1 9 1 24 1 2 1 3 1 4 1 0
2  11 -1 4 -1 3 -1 2 -1 24 -1 9 -1 8 -1 7 -1 0
2  3 -1 2 -1 0
2  7 1 8 1 9 1 2 1 3 1 0
2  7 1 8 1 9 1 24 1 2 1 3 1 0
2  2 -1 0
2  17 1 18 1 2 1 0
1
              1               0               0               0 
              0               1               0           -6.35 
              0               0               1 -2.8199664825479e-15 
2  17 1 18 1 32 1 2 1 0
2  32 -1 18 -1 17 -1 0
2  11 -1 4 -1 3 -1 2 -1 32 -1 18 -1 17 -1 0
2  9 1 24 1 0
2  18 1 32 1 0
2  17 1 18 1 32 1 0
Curve2ds 73
1 -1.8325957145940457 -2.2204460492503131e-15 1 0 
1 -4.4505895925855397 -4.4408920985006262e-16 1 0 
1 -3.1415926535897922 5.0800000000000018 1 0 
1 -6.0213859193804362 0 1 0 
1 0 0 1 0 
1 -2.555907110132642 5.0799999999999992 1 0 
1 -1.8325957145940466 -1.3322676295501878e-15 1 0 
1 -3.1415926535897931 -2.2204460492503131e-15 1 0 
1 -5.6974997637224352 5.0800000000000036 1 0 
1 -4.4505895925855441 -4.4408920985006262e-16 1 0 
1 -5.6974997637224343 5.0800000000000036 1 0 
1 -6.0213859193804362 -6.3997994972838482e-32 1 0 
1 -3.1415926535897931 -1.3322676295501878e-15 1 0 
1 0 -72.607530738163334 1 0 
1 0 -72.607530738163334 1 0 
1 0 -73.412091960508249 1 0 
1 0 0 0 1 
1 0 0 0 1 
1 1.3089969389957465 0 0 1 
1 -1.8325957145940457 5.0800000000000001 1 0 
1 1.5707963267948968 0 0 1 
1 -4.4505895925855397 5.0800000000000001 1 0 
1 5.5948246910244029e-16 2.2204460492503131e-15 0 1 
1 0 0 0 1 
1 -3.1415926535897922 -8.8817841970012523e-16 1 0 
1 0.58568554345715074 4.4408920985006262e-16 0 1 
1 2.1564818702520476 -5.0800000000000143 0 1 
1 1.5707963267948966 0 0 1 
1 -6.0213859193804362 5.0800000000000001 1 0 
1 0.98511078333774582 -5.0800000000000143 0 1 
1 0 4.4408920985006262e-16 0 1 
1 -4.7123889803846897 -5.0800000000000125 1 0 
1 7.8539816339744828 -5.0800000000000125 -1 0 
1 6.2831853071795862 -5.0800000000000125 -1 0 
1 0 0 0 -1 
1 6.2831853071795898 0 0 -1 
1 1.5707963267948966 -5.0800000000000125 1 0 
1 0 -6.3499999999999996 1 0 
1 4.1267034369275386 -5.0800000000000098 0 1 
1 0 4.4408920985006262e-16 0 1 
1 5.2980745238418407 -5.0800000000000098 0 1 
1 0 4.4408920985006262e-16 0 1 
1 7.8539816339744828 -5.0800000000000125 -1 0 
1 0 0 0 1 
1 -2.555907110132642 -3.1086244689504383e-15 1 0 
1 0.58568554345715107 2.2204460492503131e-15 0 1 
1 1.3089969389957465 0 0 1 
1 -1.8325957145940466 5.0800000000000001 1 0 
1 0 0 0 1 
1 0.58568554345715118 -1.3322676295501878e-15 0 1 
1 1.3089969389957508 0 0 1 
1 -3.1415926535897931 5.0800000000000001 1 0 
1 -5.6974997637224352 2.2204460492503131e-15 1 0 
1 0 0 0 1 
1 1.5707963267948932 0 0 1 
1 -4.4505895925855441 5.0800000000000001 1 0 
1 -5.6974997637224343 2.2204460492503131e-15 1 0 
1 0.58568554345715196 -1.3322676295501878e-15 0 1 
1 0 0 0 1 
1 0 0 0 1 
1 1.5707963267948954 0 0 1 
1 -6.0213859193804371 5.0800000000000001 1 0 
1 1.3089969389957463 0 0 1 
1 -3.1415926535897931 5.0800000000000001 1 0 
1 0 -67.527530738163321 1 0 
1 0 0 0 -1 
1 6.2831853071795898 0 0 -1 
1 0 -67.527530738163321 1 0 
1 0 0 0 -1 
1 6.2831853071795898 0 0 -1 
1 0 -67.062091960508241 1 0 
1 0 0 0 -1 
1 6.2831853071795862 0 0 -1 
Curves 88
1 -23.974394780249799 23.8125 0 -0.25881904510252141 -0.9659258262890682 0 
8 1.8325957145940457 3.1415926535897931
2 -22.999889505516521 2.539999999999992 22.5425 0 1 4.4408920985006262e-16 0 4.4408920985006262e-16 -1 -1 0 0 1.27
8 4.4505895925855397 6.0213859193804362
2 -28.146427592480716 2.5400000000000009 -1.5715448211871055 0 -1 -4.4408920985006262e-16 0 4.4408920985006262e-16 -1 1 0 0 2.54
1 -23.974394780249799 23.8125 0 1 0 0 
1 -31.257279565815349 -3.3675960454009291 0 0.9659258262890682 -0.25881904510252135 0 
8 3.1415926535897936 3.7272781970469442
2 -5.2651418546891957 2.5399999999999903 26.987500000000001 0 -1 2.2204460492503101e-16 0 2.2204460492503101e-16 1 -1 0 0 3.1749999999999998
8 6.0213859193804362 7.5921822461753328
2 -23.852887294625798 2.5400000000000014 -2.7219954766678081 0 -1 -4.4408920985006262e-16 0 4.4408920985006262e-16 -1 1 0 0 2.54
2 0 19.050000000000001 0 0 0 1 1 0 0 0 1 0 6.3499999999999996
1 -22.056836070411972 -5.8328474500024452 0 0.25881904510252135 0.9659258262890682 0 
8 2.555907110132642 3.1415926535897927
2 5.2651418546891957 2.5399999999999903 26.987500000000001 0 -1 2.2204460492503101e-16 0 2.2204460492503101e-16 1 -1 0 0 3.1749999999999998
8 1.8325957145940475 3.1415926535897931
2 -15.691099945016926 2.5399999999999956 13.017500000000007 0 1 4.4408920985006262e-16 0 4.4408920985006262e-16 -1 -1 0 0 1.27
1 -23.974394780249799 23.8125 0 1 0 0 
1 16.665605219750201 14.287500000000003 0 -1 0 0 
8 3.1415926535897931 4.4505895925855423
2 22.999889505516627 2.539999999999992 22.542500000000004 0 1 4.4408920985006262e-16 0 4.4408920985006262e-16 -1 -1 0 0 1.27
8 5.6974997637224352 6.2831853071795862
2 -5.2651418546891984 2.5399999999999965 11.112500000000002 0 -1 2.2204460492503101e-16 0 2.2204460492503101e-16 1 -1 0 0 3.1749999999999998
1 31.257279565815335 -3.3675960454009419 0 -0.2588190451025173 0.96592582628906931 0 
2 0 19.050000000000001 0 0 0 1 1 0 0 0 1 0 6.3499999999999996
8 4.4505895925855441 6.0213859193804362
2 28.146427592480713 2.5400000000000009 -1.5715448211871066 0 1 4.4408920985006262e-16 0 4.4408920985006262e-16 -1 -1 0 0 2.54
8 5.6974997637224343 6.2831853071795862
2 5.2651418546891984 2.5399999999999965 11.112500000000002 0 1 -2.2204460492503101e-16 0 2.2204460492503101e-16 1 1 0 0 3.1749999999999998
1 22.056836070411975 -5.8328474500024452 0 0.96592582628906831 0.25881904510252052 0 
1 16.665605219750201 14.287500000000003 0 -1 0 0 
8 6.0213859193804362 7.5921822461753319
2 23.852887294625805 2.5400000000000014 -2.7219954766678085 0 1 4.4408920985006262e-16 0 4.4408920985006262e-16 -1 -1 0 0 2.54
8 3.1415926535897931 4.4505895925855405
2 15.691099945016923 2.5399999999999956 13.017500000000005 0 1 4.4408920985006262e-16 0 4.4408920985006262e-16 -1 -1 0 0 1.27
1 16.665605219750201 14.287500000000003 0 0.25881904510252163 -0.96592582628906809 0 
2 -25.424432115812913 2.5400000000000063 1.1279865930191618e-15 0 -1 -4.4408920985006262e-16 1 0 0 0 -4.4408920985006262e-16 1 1.2699999999999996
2 25.424432115812863 2.5400000000000063 1.127986459030405e-15 0 -1 -4.4408920985006262e-16 1 0 0 0 -4.4408920985006262e-16 1 1.2699999999999996
2 0 2.5400000000000063 19.050000000000001 0 -1 -4.4408920985006262e-16 1 0 0 0 -4.4408920985006262e-16 1 2.54
1 -24.226615304903639 2.5399999999999898 22.871200187280202 0 -1 -4.4408920985006262e-16 
1 -30.599879191254949 2.54 -0.91414444662670113 0 -1 -4.4408920985006262e-16 
1 -23.974394780249799 23.8125 0 -0.25881904510252141 -0.9659258262890682 0 
1 -22.999889505516521 2.5399999999999894 23.8125 0 -1 -4.4408920985006262e-16 
8 1.8325957145940457 3.1415926535897931
2 -22.999889505516521 -2.5400000000000102 22.542499999999997 0 1 4.4408920985006262e-16 0 4.4408920985006262e-16 -1 -1 0 0 1.27
1 -28.803827967041119 2.5400000000000014 -4.0249964199613384 0 -1 -4.4408920985006262e-16 
8 4.4505895925855397 6.0213859193804362
2 -28.146427592480716 -2.5399999999999996 -1.5715448211871077 0 -1 -4.4408920985006262e-16 0 4.4408920985006262e-16 -1 1 0 0 2.54
1 -5.2651418546891939 -2.5400000000000071 23.812499999999996 0 1 -2.2204460492503101e-16 
1 -23.974394780249799 23.8125 0 1 0 0 
1 -24.510287669186201 2.5400000000000023 -5.1754470754420412 0 -1 -4.4408920985006262e-16 
1 -31.257279565815349 -3.3675960454009291 0 0.9659258262890682 -0.25881904510252135 0 
8 3.1415926535897936 3.7272781970469442
2 -5.2651418546891957 -2.540000000000012 26.987500000000001 0 -1 2.2204460492503101e-16 0 2.2204460492503101e-16 1 -1 0 0 3.1749999999999998
1 -3.5100945697927983 -2.5400000000000089 24.341666666666669 0 1 -2.2204460492503101e-16 
1 -21.399435695851565 2.5400000000000018 -3.3793958512282125 0 -1 -4.4408920985006262e-16 
8 6.0213859193804371 7.5921822461753328
2 -23.852887294625798 -2.5399999999999987 -2.7219954766678103 0 -1 -4.4408920985006262e-16 0 4.4408920985006262e-16 -1 1 0 0 2.54
1 3.510094569792797 -2.5400000000000089 24.341666666666669 0 1 -2.2204460492503101e-16 
8 5.5604510593661711 5.6974997637224352
2 0 -2.540000000000008 19.050000000000001 0 -1 2.2204460492503101e-16 0 2.2204460492503101e-16 1 -1 0 0 6.3499999999999996
8 5.5604510593661711 5.6974997637224352
2 0 -2.540000000000008 19.050000000000001 0 1 -2.2204460492503101e-16 0 2.2204460492503101e-16 1 1 0 0 6.3499999999999996
2 0 -2.540000000000008 19.050000000000001 0 1 -2.2204460492503101e-16 1 0 0 0 -2.2204460492503101e-16 -1 6.3499999999999996
2 0 -2.540000000000008 19.050000000000001 0 1 -2.2204460492503101e-16 1 0 0 0 -2.2204460492503101e-16 -1 6.3499999999999996
1 6.3499999999999996 2.5400000000000045 19.050000000000001 0 -1 -4.4408920985006262e-16 
8 2.4188584057763776 2.555907110132642
2 0 -2.540000000000008 19.050000000000001 0 -1 2.2204460492503101e-16 0 2.2204460492503101e-16 1 -1 0 0 6.3499999999999996
2 0 19.050000000000001 0 0 0 1 1 0 0 0 1 0 6.3499999999999996
1 -3.5100945697927997 -2.5400000000000063 13.758333333333336 0 1 -2.2204460492503101e-16 
2 0 -2.540000000000008 19.050000000000001 0 1 -2.2204460492503101e-16 1 0 0 0 -2.2204460492503101e-16 -1 6.3499999999999996
1 3.5100945697927979 -2.5400000000000063 13.758333333333335 0 1 -2.2204460492503101e-16 
8 2.418858405776378 2.555907110132642
2 0 -2.540000000000008 19.050000000000001 0 1 -2.2204460492503101e-16 0 2.2204460492503101e-16 1 1 0 0 6.3499999999999996
1 -16.917825744404041 2.5399999999999943 13.346200187280209 0 -1 -4.4408920985006262e-16 
1 -22.056836070411972 -5.8328474500024452 0 0.25881904510252135 0.9659258262890682 0 
8 2.555907110132642 3.1415926535897927
2 5.2651418546891957 -2.540000000000012 26.987500000000001 0 -1 2.2204460492503101e-16 0 2.2204460492503101e-16 1 -1 0 0 3.1749999999999998
1 5.2651418546891939 -2.5400000000000071 23.812499999999996 0 1 -2.2204460492503101e-16 
1 -15.691099945016926 2.5399999999999938 14.287500000000007 0 -1 -4.4408920985006262e-16 
8 1.8325957145940466 3.1415926535897931
2 -15.691099945016926 -2.5400000000000058 13.017500000000005 0 1 4.4408920985006262e-16 0 4.4408920985006262e-16 -1 -1 0 0 1.27
1 22.999889505516627 2.5399999999999894 23.812500000000004 0 -1 -4.4408920985006262e-16 
1 -23.974394780249799 23.8125 0 1 0 0 
1 -5.2651418546891975 -2.540000000000008 14.287500000000003 0 1 -2.2204460492503101e-16 
1 16.665605219750201 14.287500000000003 0 -1 0 0 
1 24.226615304903746 2.5399999999999898 22.871200187280202 0 -1 -4.4408920985006262e-16 
8 3.1415926535897931 4.450589592585545
2 22.999889505516627 -2.5400000000000102 22.5425 0 1 4.4408920985006262e-16 0 4.4408920985006262e-16 -1 -1 0 0 1.27
8 5.6974997637224352 6.2831853071795862
2 -5.2651418546891984 -2.5400000000000049 11.112500000000004 0 -1 2.2204460492503101e-16 0 2.2204460492503101e-16 1 -1 0 0 3.1749999999999998
1 30.599879191254949 2.54 -0.91414444662671268 0 -1 -4.4408920985006262e-16 
1 31.257279565815335 -3.3675960454009419 0 -0.2588190451025173 0.96592582628906931 0 
1 28.803827967041116 2.5400000000000014 -4.0249964199613402 0 -1 -4.4408920985006262e-16 
8 4.4505895925855441 6.0213859193804371
2 28.146427592480713 -2.5399999999999996 -1.5715448211871088 0 1 4.4408920985006262e-16 0 4.4408920985006262e-16 -1 -1 0 0 2.54
8 5.6974997637224352 6.2831853071795862
2 5.2651418546891984 -2.5400000000000049 11.112500000000004 0 1 -2.2204460492503101e-16 0 2.2204460492503101e-16 1 1 0 0 3.1749999999999998
1 5.2651418546891975 -2.540000000000008 14.287500000000003 0 1 -2.2204460492503101e-16 
1 24.510287669186209 2.5400000000000023 -5.1754470754420421 0 -1 -4.4408920985006262e-16 
1 22.056836070411975 -5.8328474500024452 0 0.96592582628906831 0.25881904510252052 0 
1 15.691099945016923 2.5399999999999938 14.287500000000005 0 -1 -4.4408920985006262e-16 
1 16.665605219750201 14.287500000000003 0 -1 0 0 
1 21.399435695851572 2.5400000000000018 -3.3793958512282134 0 -1 -4.4408920985006262e-16 
8 6.0213859193804371 7.5921822461753319
2 23.852887294625805 -2.5399999999999987 -2.7219954766678107 0 1 4.4408920985006262e-16 0 4.4408920985006262e-16 -1 -1 0 0 2.54
1 16.917825744404041 2.5399999999999943 13.346200187280207 0 -1 -4.4408920985006262e-16 
8 3.1415926535897931 4.4505895925855414
2 15.691099945016923 -2.5400000000000058 13.017500000000004 0 1 4.4408920985006262e-16 0 4.4408920985006262e-16 -1 -1 0 0 1.27
1 16.665605219750201 14.287500000000003 0 0.25881904510252163 -0.96592582628906809 0 
2 -25.424432115812913 -2.5400000000000063 -1.1279865930191618e-15 0 -1 -4.4408920985006262e-16 1 0 0 0 -4.4408920985006262e-16 1 1.2699999999999996
1 -24.154432115812899 -70.067530738163327 -3.1116234361655927e-14 0 1 4.4408920985006262e-16 
2 25.424432115812863 -2.5400000000000063 -1.1279867270079186e-15 0 -1 -4.4408920985006262e-16 1 0 0 0 -4.4408920985006262e-16 1 1.2699999999999996
1 26.694432115812901 -70.067530738163327 -3.1116234495644683e-14 0 1 4.4408920985006262e-16 
2 0 -3.8100000000000023 19.049999999999997 0 -1 -4.4408920985006262e-16 1 0 0 0 -4.4408920985006262e-16 1 2.54
1 2.54 -70.872091960508243 19.049999999999969 0 1 4.4408920985006262e-16 
Polygon3D 0
PolygonOnTriangulations 0
Surfaces 30
1 1.3737658846588171e-14 2.539999999999996 11.560657453950906 -2.444795826698499e-31 1 3.7203387327202986e-16 0 -3.7203387327202986e-16 1 1 2.444795826698499e-31 9.0954686076593688e-47 
2 -22.999889505516521 2.5399999999999898 22.5425 0 -1 -4.4408920985006262e-16 -0.9659258262890682 -1.1493874523372645e-16 0.25881904510252141 0.25881904510252141 -4.2895723697048114e-16 0.9659258262890682 1.27
2 -28.146427592480716 2.5400000000000005 -1.5715448211871055 0 -1 -4.4408920985006262e-16 -0.9659258262890682 -1.1493874523372645e-16 0.25881904510252141 -0.25881904510252141 4.2895723697048114e-16 -0.9659258262890682 2.54
2 -5.2651418546891957 -2.5400000000000089 26.987500000000001 0 1 -2.2204460492503101e-16 -0 -2.2204460492503101e-16 -1 1 0 0 3.1749999999999998
2 -23.852887294625798 2.5400000000000014 -2.7219954766678081 0 -1 -4.4408920985006262e-16 -0.25881904510252135 4.2895723697048114e-16 -0.9659258262890682 0.9659258262890682 1.1493874523372642e-16 -0.25881904510252135 2.54
2 0 2.5400000000000045 19.050000000000001 0 1 -2.2204460492503101e-16 1 0 0 0 2.2204460492503101e-16 1 6.3499999999999996
2 5.2651418546891957 -2.5400000000000089 26.987500000000001 0 1 -2.2204460492503101e-16 -0.55277079839256671 -1.8503717077085916e-16 -0.83333333333333326 0.83333333333333326 -1.2273977354317143e-16 -0.55277079839256671 3.1749999999999998
2 -15.691099945016926 2.5399999999999943 13.017500000000007 0 -1 -4.4408920985006262e-16 -0.9659258262890682 -1.1493874523372642e-16 0.25881904510252135 0.25881904510252135 -4.2895723697048114e-16 0.9659258262890682 1.27
2 22.999889505516627 2.5399999999999898 22.542500000000004 0 -1 -4.4408920985006262e-16 0 -4.4408920985006262e-16 1 1 0 0 1.27
2 -5.2651418546891984 -2.5400000000000071 11.112500000000004 0 1 -2.2204460492503101e-16 0.55277079839256671 1.8503717077085916e-16 0.83333333333333326 -0.83333333333333326 1.2273977354317143e-16 0.55277079839256671 3.1749999999999998
2 28.146427592480713 2.5400000000000005 -1.5715448211871066 0 -1 -4.4408920985006262e-16 0.96592582628906931 -1.1493874523372463e-16 0.2588190451025173 0.2588190451025173 4.2895723697048163e-16 -0.96592582628906931 2.54
2 5.2651418546891984 -2.5400000000000071 11.112500000000004 0 1 -2.2204460492503101e-16 -0.55277079839256738 1.8503717077085909e-16 0.83333333333333293 0.83333333333333293 1.2273977354317158e-16 0.55277079839256738 3.1749999999999998
2 23.852887294625805 2.5400000000000014 -2.7219954766678085 0 -1 -4.4408920985006262e-16 0.25881904510252052 4.2895723697048119e-16 -0.96592582628906831 -0.96592582628906831 1.1493874523372606e-16 -0.25881904510252052 2.54
2 15.691099945016923 2.5399999999999943 13.017500000000005 0 -1 -4.4408920985006262e-16 0 -4.4408920985006262e-16 1 1 0 0 1.27
2 -25.424432115812913 -70.067530738163327 -3.1116234361655927e-14 0 -1 -4.4408920985006262e-16 1 0 0 0 -4.4408920985006262e-16 1 1.2699999999999996
2 25.424432115812863 -70.067530738163327 -3.1116234495644683e-14 0 -1 -4.4408920985006262e-16 1 0 0 0 -4.4408920985006262e-16 1 1.2699999999999996
2 0 -70.872091960508243 19.049999999999969 0 -1 -4.4408920985006262e-16 1 0 0 0 -4.4408920985006262e-16 1 2.54
1 -23.974394780249799 2.5399999999999894 23.8125 0.9659258262890682 1.1493874523372645e-16 -0.25881904510252141 -0.25881904510252141 4.2895723697048114e-16 -0.9659258262890682 0 1 4.4408920985006262e-16 
1 -23.974394780249799 2.5399999999999894 23.8125 0 -4.4408920985006262e-16 1 1 0 0 0 1 4.4408920985006262e-16 
1 -31.257279565815349 2.5400000000000014 -3.3675960454009277 0.25881904510252135 -4.2895723697048114e-16 0.9659258262890682 0.9659258262890682 1.1493874523372642e-16 -0.25881904510252135 0 1 4.4408920985006262e-16 
1 -22.056836070411972 2.5400000000000027 -5.8328474500024443 -0.9659258262890682 -1.1493874523372642e-16 0.25881904510252135 0.25881904510252135 -4.2895723697048114e-16 0.9659258262890682 0 1 4.4408920985006262e-16 
1 -23.974394780249799 2.5399999999999894 23.8125 0 -4.4408920985006262e-16 1 1 0 0 0 1 4.4408920985006262e-16 
1 16.665605219750201 2.5399999999999938 14.287500000000005 0 4.4408920985006262e-16 -1 -1 0 0 0 1 4.4408920985006262e-16 
1 31.257279565815335 2.5400000000000014 -3.3675960454009406 -0.96592582628906931 1.1493874523372463e-16 -0.2588190451025173 -0.2588190451025173 -4.2895723697048163e-16 0.96592582628906931 0 1 4.4408920985006262e-16 
1 22.056836070411975 2.5400000000000027 -5.8328474500024443 -0.25881904510252052 -4.2895723697048119e-16 0.96592582628906831 0.96592582628906831 -1.1493874523372606e-16 0.25881904510252052 0 1 4.4408920985006262e-16 
1 16.665605219750201 2.5399999999999938 14.287500000000005 0 4.4408920985006262e-16 -1 -1 0 0 0 1 4.4408920985006262e-16 
1 16.665605219750201 2.5399999999999938 14.287500000000005 0.96592582628906809 -1.1493874523372655e-16 0.25881904510252163 0.25881904510252163 4.2895723697048109e-16 -0.96592582628906809 0 1 4.4408920985006262e-16 
1 1.3761592827753608e-14 -5.1108159677068977e-15 11.508534443861983 -4.3790577010150533e-47 1 4.4408920985006262e-16 0 -4.4408920985006262e-16 1 1 4.3790577010150533e-47 1.9446922743316068e-62 
1 1.3761592827753608e-14 -5.1108159677068977e-15 11.508534443861983 -4.3790577010150533e-47 1 4.4408920985006262e-16 0 -4.4408920985006262e-16 1 1 4.3790577010150533e-47 1.9446922743316068e-62 
1 2.1534490276211388e-15 4.2299497238218411e-15 19.049999999999997 2.311115933264683e-33 1 -2.2204460492503104e-16 0 2.2204460492503104e-16 1 1 -2.311115933264683e-33 5.1317082433770096e-49 
Triangulations 0

TShapes 216
Ve
1e-07
-24.2266153049036 2.53999999999999 22.8712001872802
0 0

0101101
*
Ve
1e-07
-30.5998791912549 2.54 -0.914144446626701
0 0

0101101
*
Ed
 1e-07 1 1 0
1  1 0 0.974505274733279 25.5989060170619
0

0101000
+216 12 -215 12 *
Ve
1e-07
-22.9998895055165 2.53999999999999 23.8125
0 0

0101101
*
Ed
 1e-07 1 1 0
1  2 0 1.83259571459405 3.14159265358979
2  1 2 0 1.83259571459405 3.14159265358979
0

0101000
+216 13 -213 13 *
Ve
1e-07
-28.8038279670411 2.54 -4.02499641996134
0 0

0101101
*
Ed
 1e-07 1 1 0
1  3 0 4.45058959258554 6.02138591938044
2  2 3 0 4.45058959258554 6.02138591938044
0

0101000
+215 14 -211 14 *
Ve
1e-07
-5.26514185468919 2.53999999999999 23.8125
0 0

0101101
*
Ed
 1e-07 1 1 0
1  4 0 0.974505274733279 18.7092529255606
0

0101000
+213 12 -209 12 *
Ve
1e-07
-24.5102876691862 2.54 -5.17544707544204
0 0

0101101
*
Ed
 1e-07 1 1 0
1  5 0 2.54 6.98500000000001
0

0101000
+211 12 -207 12 *
Ve
1e-07
-3.5100945697928 2.54 24.3416666666667
0 0

0101101
*
Ed
 1e-07 1 1 0
1  6 0 3.14159265358979 3.72727819704694
2  3 4 0 3.14159265358979 3.72727819704694
0

0101000
+209 16 -205 16 *
Ve
1e-07
-21.3994356958516 2.54 -3.37939585122821
0 0

0101101
*
Ed
 1e-07 1 1 0
1  7 0 6.02138591938044 7.59218224617533
2  4 5 0 6.02138591938044 7.59218224617533
0

0101000
+207 14 -203 14 *
Ve
1e-07
3.5100945697928 2.54 24.3416666666667
0 0

0101101
*
Ed
 1e-07 1 1 0
1  8 0 0.985110783337746 2.15648187025205
2  5 6 20 0.985110783337746 2.15648187025205
0

0101000
+201 21 -205 21 *
Ve
1e-07
-16.917825744404 2.53999999999999 13.3462001872802
0 0

0101101
*
Ed
 1e-07 1 1 0
1  9 0 2.54 19.855611181829
0

0101000
-199 12 +203 12 *
Ve
1e-07
5.2651418546892 2.53999999999999 23.8125
0 0

0101101
*
Ed
 1e-07 1 1 0
1  10 0 2.55590711013264 3.14159265358979
2  6 7 0 2.55590711013264 3.14159265358979
0

0101000
+201 16 -197 16 *
Ve
1e-07
-15.6910999450169 2.53999999999999 14.2875
0 0

0101101
*
Ed
 1e-07 1 1 0
1  11 0 1.83259571459405 3.14159265358979
2  7 8 0 1.83259571459405 3.14159265358979
0

0101000
+199 13 -195 13 *
Ve
1e-07
22.9998895055166 2.53999999999999 23.8125
0 0

0101101
*
Ed
 1e-07 1 1 0
1  12 0 29.239536634939 46.9742842857664
0

0101000
-193 12 +197 12 *
Ve
1e-07
-5.2651418546892 2.53999999999999 14.2875
0 0

0101101
*
Ed
 1e-07 1 1 0
1  13 0 21.9307470744394 32.3567051647671
0

0101000
-195 12 +191 12 *
Ve
1e-07
24.2266153049037 2.53999999999999 22.8712001872802
0 0

0101101
*
Ed
 1e-07 1 1 0
1  14 0 3.14159265358979 4.45058959258554
2  8 9 0 3.14159265358979 4.45058959258554
0

0101000
+193 13 -189 13 *
Ve
1e-07
-3.5100945697928 2.54 13.7583333333333
0 0

0101101
*
Ed
 1e-07 1 1 0
1  15 0 5.69749976372244 6.28318530717959
2  9 10 0 5.69749976372244 6.28318530717959
0

0101000
+187 16 -191 16 *
Ve
1e-07
30.5998791912549 2.54 -0.914144446626713
0 0

0101101
*
Ed
 1e-07 1 1 0
1  16 0 2.53999999999999 27.1644007423286
0

0101000
-189 12 +185 12 *
Ve
1e-07
3.5100945697928 2.54 13.7583333333333
0 0

0101101
*
Ed
 1e-07 1 1 0
1  17 0 4.12670343692754 5.29807452384184
2  5 6 20 4.12670343692754 5.29807452384184
0

0101000
+187 21 -183 21 *
Ve
1e-07
28.8038279670411 2.54 -4.02499641996134
0 0

0101101
*
Ed
 1e-07 1 1 0
1  18 0 4.45058959258554 6.02138591938044
2  10 11 0 4.45058959258554 6.02138591938044
0

0101000
+185 14 -181 14 *
Ve
1e-07
5.2651418546892 2.53999999999999 14.2875
0 0

0101101
*
Ed
 1e-07 1 1 0
1  19 0 5.69749976372243 6.28318530717959
2  11 12 0 5.69749976372243 6.28318530717959
0

0101000
+183 16 -179 16 *
Ve
1e-07
24.5102876691862 2.54 -5.17544707544204
0 0

0101101
*
Ed
 1e-07 1 1 0
1  20 0 2.54 6.985
0

0101000
+177 12 -181 12 *
Ve
1e-07
15.6910999450169 2.53999999999999 14.2875
0 0

0101101
*
Ed
 1e-07 1 1 0
1  21 0 0.974505274733279 11.400463365061
0

0101000
+175 12 -179 12 *
Ve
1e-07
21.3994356958516 2.54 -3.37939585122821
0 0

0101101
*
Ed
 1e-07 1 1 0
1  22 0 6.02138591938044 7.59218224617533
2  12 13 0 6.02138591938044 7.59218224617533
0

0101000
+177 14 -173 14 *
Ve
1e-07
16.917825744404 2.53999999999999 13.3462001872802
0 0

0101101
*
Ed
 1e-07 1 1 0
1  23 0 3.14159265358979 4.45058959258554
2  13 14 0 3.14159265358979 4.45058959258554
0

0101000
+175 13 -171 13 *
Ed
 1e-07 1 1 0
1  24 0 0.974505274733279 18.2901164565623
0

0101000
+171 12 -173 12 *
Wi

0101100
-214 10 +212 0 -210 4 +208 10 -206 10 +204 15 -202 4 -200 19 -198 10 +196 15 
-194 0 +192 10 +190 10 +188 0 +186 15 -184 10 -182 19 +180 4 -178 15 -176 10 
+174 10 +172 4 -170 0 -169 10 *
Ve
1.00000014214259e-07
-24.1544321158129 2.54000000000001 1.12798659301916e-15
0 0

0101101
*
Ed
 1e-07 1 1 0
1  25 0 0 6.28318530717959
2  14 15 0 0 6.28318530717959
0

0101100
+167 22 -167 22 *
Wi

0101100
+166 0 *
Ve
1.00000039081088e-07
26.6944321158129 2.54000000000001 1.12798645903041e-15
0 0

0101101
*
Ed
 1e-07 1 1 0
1  26 0 0 6.28318530717959
2  15 16 0 0 6.28318530717959
0

0101100
+164 22 -164 22 *
Wi

0101100
+163 0 *
Ve
1.00000014210855e-07
2.54 2.53999999999999 19.05
0 0

0101101
*
Ed
 1e-07 1 1 0
1  27 0 0 6.28318530717959
2  16 17 0 0 6.28318530717959
0

0101100
+161 22 -161 22 *
Wi

0101100
+160 0 *
Fa
0  1e-07 1 0

0101000
+168 6 +165 0 +162 0 +159 0 *
Ve
1e-07
-24.2266153049036 -2.54000000000001 22.8712001872802
0 0

0101101
*
Ed
 1e-07 1 1 0
1  28 0 -2.22044604925031e-15 5.08
2  17 2 0 -2.22044604925031e-15 5.08
4 G1 18 5 2 0
0

0101000
+216 13 -157 13 *
Ve
1e-07
-30.5998791912549 -2.54 -0.914144446626703
0 0

0101101
*
Ed
 1e-07 1 1 0
1  29 0 -8.88178419700126e-16 5.08
2  18 3 0 -8.88178419700126e-16 5.08
4 G1 18 23 3 0
0

0101000
+215 14 -155 14 *
Ed
 1e-07 1 1 0
1  30 0 0.974505274733285 25.5989060170619
0

0101000
+157 26 -155 26 *
Wi

0101100
-214 10 +156 0 -154 4 +153 25 *
Fa
0  1e-07 18 0

0101000
+152 6 *
Ve
1e-07
-22.9998895055165 -2.54000000000001 23.8125
0 0

0101101
*
Ed
 1e-07 1 1 0
1  31 0 -2.22044604925031e-15 5.08
2  19 2 0 -2.22044604925031e-15 5.08
4 G1 2 0 19 5
0

0101000
+213 13 -150 13 *
Ed
 1e-07 1 1 0
1  32 0 1.83259571459405 3.14159265358979
2  20 2 0 1.83259571459405 3.14159265358979
0

0101000
+157 13 -150 13 *
Wi

0101100
+212 0 -156 0 +149 0 -148 0 *
Fa
0  1e-07 2 0

0101000
+147 0 *
Ve
1e-07
-28.8038279670411 -2.54 -4.02499641996134
0 0

0101101
*
Ed
 1e-07 1 1 0
1  33 0 -8.88178419700128e-16 5.08
2  21 3 0 -8.88178419700128e-16 5.08
4 G1 3 0 20 23
0

0101000
+211 14 -145 14 *
Ed
 1e-07 1 1 0
1  34 0 4.45058959258554 6.02138591938044
2  22 3 0 4.45058959258554 6.02138591938044
0

0101000
+155 14 -145 14 *
Wi

0101100
+210 0 -154 0 +144 0 -143 0 *
Fa
0  1e-07 3 0

0101000
+142 0 *
Ve
1e-07
-5.26514185468919 -2.54000000000001 23.8125
0 0

0101101
*
Ed
 1e-07 1 1 0
1  35 0 -3.10862446895044e-15 5.08
2  23 4 0 -3.10862446895044e-15 5.08
4 G1 19 2 4 0
0

0101000
+140 16 -209 16 *
Ed
 1e-07 1 1 0
1  36 0 0.974505274733279 18.7092529255606
0

0101000
+150 26 -140 26 *
Wi

0101100
-208 10 +149 0 +139 15 +138 25 *
Fa
0  1e-07 19 0

0101000
+137 6 *
Ve
1e-07
-24.5102876691862 -2.54 -5.17544707544204
0 0

0101101
*
Ed
 1e-07 1 1 0
1  37 0 -4.44089209850063e-16 5.08
2  24 5 0 -4.44089209850063e-16 5.08
4 G1 20 23 5 0
0

0101000
+207 14 -135 14 *
Ed
 1e-07 1 1 0
1  38 0 2.54 6.98500000000001
0

0101000
+145 26 -135 26 *
Wi

0101100
-206 28 +144 0 -134 0 +133 29 *
Fa
0  1e-07 20 0

0101000
+132 27 *
Ve
1e-07
-3.5100945697928 -2.54000000000001 24.3416666666667
0 0

0101101
*
Ed
 1e-07 1 1 0
1  39 0 3.14159265358979 3.72727819704694
2  25 4 0 3.14159265358979 3.72727819704694
0

0101000
+140 16 -130 16 *
Ed
 1e-07 1 1 0
1  40 0 -1.77635683940025e-15 5.08
2  26 4 0 -1.77635683940025e-15 5.08
2  27 6 2 -1.77635683940025e-15 5.08
4 G1 4 0 6 2
0

0101000
+130 16 -205 16 *
Wi

0101100
+129 0 -139 0 +128 0 -204 0 *
Fa
0  1e-07 4 0

0101000
+127 0 *
Ve
1e-07
-21.3994356958516 -2.54 -3.37939585122821
0 0

0101101
*
Ed
 1e-07 1 1 0
1  41 0 -5.91645678915759e-31 5.08
2  28 5 0 -5.91645678915759e-31 5.08
4 G1 5 0 21 23
0

0101000
+203 14 -125 14 *
Ed
 1e-07 1 1 0
1  42 0 6.02138591938044 7.59218224617533
2  29 5 0 6.02138591938044 7.59218224617533
0

0101000
+135 14 -125 14 *
Wi

0101100
+202 0 -134 0 +124 0 -123 0 *
Fa
0  1e-07 5 0

0101000
+122 0 *
Ve
1e-07
3.5100945697928 -2.54000000000001 24.3416666666667
0 0

0101101
*
Ed
 1e-07 1 1 0
1  43 0 -1.77635683940025e-15 5.08
2  30 6 2 -1.77635683940025e-15 5.08
2  31 7 0 -1.77635683940025e-15 5.08
4 G1 6 2 7 0
0

0101000
+120 16 -201 16 *
Ve
1.00000005024296e-07
4.20013020631503 -2.54000000000001 23.8125
0 0

0101101
*
Ed
 1e-07 1 1 0
1  44 0 5.56045105936617 5.69749976372244
2  32 6 2 5.56045105936617 5.69749976372244
0

0101000
+118 16 -120 16 *
Ve
1.00000003972055e-07
-4.20013020631503 -2.54000000000001 23.8125
0 0

0101101
*
Ed
 1e-07 1 1 0
1  45 0 5.56045105936617 5.69749976372244
2  33 6 2 5.56045105936617 5.69749976372244
0

0101000
+116 16 -130 16 *
Ve
1.00000003662053e-07
6.35 -2.54000000000001 19.05
0 0

0101101
*
Ed
 1e-07 1 1 0
1  46 0 5.4351232281981 6.28318530717959
2  34 6 0 5.4351232281981 6.28318530717959
0

0101000
+118 22 -114 22 *
Ve
1.00000007174481e-07
-4.20013020631503 -2.54000000000001 14.2875
0 0

0101101
*
Ed
 1e-07 1 1 0
1  47 0 2.29353057460831 3.98965473257127
2  34 6 0 2.29353057460831 3.98965473257127
0

0101000
+112 22 -116 22 *
Ve
1e-07
6.35 -3.81 19.05
0 0

0101101
*
Ed
 1e-07 1 1 0
1  48 0 5.08000000000001 6.35
3  35 36CN 6 0 5.08000000000001 6.35
0

0101000
+114 22 -110 22 *
Ve
1e-07
-3.5100945697928 -2.54000000000001 13.7583333333333
0 0

0101101
*
Ed
 1e-07 1 1 0
1  49 0 2.41885840577638 2.55590711013264
2  37 6 2 2.41885840577638 2.55590711013264
0

0101000
+112 16 -108 16 *
Ed
 1e-07 1 1 0
1  50 0 0 6.28318530717959
2  38 6 34 0 6.28318530717959
0

0101100
+110 35 -110 35 *
Ed
 1e-07 1 1 0
1  51 0 -0 5.08
2  39 6 2 -0 5.08
2  40 10 0 -0 5.08
4 G1 6 2 10 0
0

0101000
+108 16 -187 16 *
Ve
1.00000007174481e-07
4.20013020631503 -2.54000000000001 14.2875
0 0

0101101
*
Ed
 1e-07 1 1 0
1  52 0 0 0.848062078981481
2  34 6 0 0 0.848062078981481
0

0101000
+114 22 -104 22 *
Ve
1e-07
3.5100945697928 -2.54000000000001 13.7583333333333
0 0

0101101
*
Ed
 1e-07 1 1 0
1  53 0 -0 5.08
2  41 6 2 -0 5.08
2  42 12 0 -0 5.08
4 G1 6 2 12 0
0

0101000
+102 16 -183 16 *
Ed
 1e-07 1 1 0
1  54 0 2.41885840577638 2.55590711013264
2  43 6 2 2.41885840577638 2.55590711013264
0

0101000
+104 16 -102 16 *
Wi

0101100
-200 31 -119 0 +128 0 -117 0 +115 0 +113 2 +111 2 +109 2 -107 0 +106 33 
-105 0 -109 2 -182 31 +103 2 +101 0 +100 0 *
Fa
0  1e-07 6 0

0101000
+99 30 *
Ve
1e-07
-16.917825744404 -2.54000000000001 13.3462001872802
0 0

0101101
*
Ed
 1e-07 1 1 0
1  55 0 -1.33226762955019e-15 5.08
2  44 8 0 -1.33226762955019e-15 5.08
4 G1 21 5 8 0
0

0101000
+199 13 -97 13 *
Ed
 1e-07 1 1 0
1  56 0 2.54 19.855611181829
0

0101000
-97 26 +125 26 *
Wi

0101100
-198 10 -96 0 +124 4 +95 25 *
Fa
0  1e-07 21 0

0101000
+94 6 *
Ve
1e-07
5.2651418546892 -2.54000000000001 23.8125
0 0

0101101
*
Ed
 1e-07 1 1 0
1  57 0 2.55590711013264 3.14159265358979
2  45 7 0 2.55590711013264 3.14159265358979
0

0101000
+120 16 -92 16 *
Ed
 1e-07 1 1 0
1  58 0 -3.10862446895044e-15 5.08
2  46 7 0 -3.10862446895044e-15 5.08
4 G1 7 0 22 2
0

0101000
+92 16 -197 16 *
Wi

0101100
+91 0 -119 0 +90 0 -196 0 *
Fa
0  1e-07 7 0

0101000
+89 0 *
Ve
1e-07
-15.6910999450169 -2.54000000000001 14.2875
0 0

0101101
*
Ed
 1e-07 1 1 0
1  59 0 -1.33226762955019e-15 5.08
2  47 8 0 -1.33226762955019e-15 5.08
4 G1 8 0 23 5
0

0101000
+195 13 -87 13 *
Ed
 1e-07 1 1 0
1  60 0 1.83259571459405 3.14159265358979
2  48 8 0 1.83259571459405 3.14159265358979
0

0101000
+97 13 -87 13 *
Wi

0101100
+194 0 -96 0 +86 0 -85 0 *
Fa
0  1e-07 8 0

0101000
+84 0 *
Ve
1e-07
22.9998895055166 -2.54000000000001 23.8125
0 0

0101101
*
Ed
 1e-07 1 1 0
1  61 0 -2.22044604925031e-15 5.08
2  49 9 0 -2.22044604925031e-15 5.08
4 G1 22 5 9 0
0

0101000
+193 13 -82 13 *
Ed
 1e-07 1 1 0
1  62 0 29.239536634939 46.9742842857664
0

0101000
-82 26 +92 26 *
Wi

0101100
-192 10 -81 0 -90 15 +80 25 *
Fa
0  1e-07 22 0

0101000
+79 6 *
Ve
1e-07
-5.2651418546892 -2.54000000000001 14.2875
0 0

0101101
*
Ed
 1e-07 1 1 0
1  63 0 1.33226762955019e-15 5.08
2  50 10 0 1.33226762955019e-15 5.08
4 G1 23 2 10 0
0

0101000
+77 16 -191 16 *
Ed
 1e-07 1 1 0
1  64 0 21.9307470744394 32.3567051647671
0

0101000
-87 26 +77 26 *
Wi

0101100
-190 10 -86 0 -76 15 +75 25 *
Fa
0  1e-07 23 0

0101000
+74 6 *
Ve
1e-07
24.2266153049037 -2.54000000000001 22.8712001872802
0 0

0101101
*
Ed
 1e-07 1 1 0
1  65 0 -2.22044604925031e-15 5.08
2  51 9 0 -2.22044604925031e-15 5.08
4 G1 9 0 24 5
0

0101000
+189 13 -72 13 *
Ed
 1e-07 1 1 0
1  66 0 3.14159265358979 4.45058959258554
2  52 9 0 3.14159265358979 4.45058959258554
0

0101000
+82 13 -72 13 *
Wi

0101100
+188 0 -81 0 +71 0 -70 0 *
Fa
0  1e-07 9 0

0101000
+69 0 *
Ed
 1e-07 1 1 0
1  67 0 5.69749976372244 6.28318530717959
2  53 10 0 5.69749976372244 6.28318530717959
0

0101000
+108 16 -77 16 *
Wi

0101100
+67 0 -105 0 +76 0 -186 0 *
Fa
0  1e-07 10 0

0101000
+66 0 *
Ve
1e-07
30.5998791912549 -2.54 -0.914144446626715
0 0

0101101
*
Ed
 1e-07 1 1 0
1  68 0 -8.88178419700125e-16 5.08
2  54 11 0 -8.88178419700125e-16 5.08
4 G1 24 23 11 0
0

0101000
+185 14 -64 14 *
Ed
 1e-07 1 1 0
1  69 0 2.53999999999999 27.1644007423286
0

0101000
-72 26 +64 26 *
Wi

0101100
-184 10 -71 0 +63 4 +62 25 *
Fa
0  1e-07 24 0

0101000
+61 6 *
Ve
1e-07
28.8038279670411 -2.54 -4.02499641996134
0 0

0101101
*
Ed
 1e-07 1 1 0
1  70 0 -4.44089209850063e-16 5.08
2  55 11 0 -4.44089209850063e-16 5.08
4 G1 11 0 25 23
0

0101000
+181 14 -59 14 *
Ed
 1e-07 1 1 0
1  71 0 4.45058959258554 6.02138591938044
2  56 11 0 4.45058959258554 6.02138591938044
0

0101000
+64 14 -59 14 *
Wi

0101100
+180 0 -63 0 +58 0 -57 0 *
Fa
0  1e-07 11 0

0101000
+56 0 *
Ve
1e-07
5.2651418546892 -2.54000000000001 14.2875
0 0

0101101
*
Ed
 1e-07 1 1 0
1  72 0 5.69749976372244 6.28318530717959
2  57 12 0 5.69749976372244 6.28318530717959
0

0101000
+102 16 -54 16 *
Ed
 1e-07 1 1 0
1  73 0 1.33226762955019e-15 5.08
2  58 12 0 1.33226762955019e-15 5.08
4 G1 12 0 26 2
0

0101000
+54 16 -179 16 *
Wi

0101100
+53 0 -101 0 +52 0 -178 0 *
Fa
0  1e-07 12 0

0101000
+51 0 *
Ve
1e-07
24.5102876691862 -2.54 -5.17544707544204
0 0

0101101
*
Ed
 1e-07 1 1 0
1  74 0 -6.39979949728385e-32 5.08
2  59 13 0 -6.39979949728385e-32 5.08
4 G1 25 23 13 0
0

0101000
+177 14 -49 14 *
Ed
 1e-07 1 1 0
1  75 0 2.54 6.985
0

0101000
+49 26 -59 26 *
Wi

0101100
-176 28 +48 0 -58 0 +47 29 *
Fa
0  1e-07 25 0

0101000
+46 27 *
Ve
1e-07
15.6910999450169 -2.54000000000001 14.2875
0 0

0101101
*
Ed
 1e-07 1 1 0
1  76 0 -1.33226762955019e-15 5.08
2  60 14 0 -1.33226762955019e-15 5.08
4 G1 26 5 14 0
0

0101000
+175 13 -44 13 *
Ed
 1e-07 1 1 0
1  77 0 0.974505274733279 11.400463365061
0

0101000
+44 26 -54 26 *
Wi

0101100
-174 10 +43 0 +52 15 +42 25 *
Fa
0  1e-07 26 0

0101000
+41 6 *
Ve
1e-07
21.3994356958516 -2.54 -3.37939585122822
0 0

0101101
*
Ed
 1e-07 1 1 0
1  78 0 1.4791141972894e-31 5.08
2  61 13 0 1.4791141972894e-31 5.08
4 G1 13 0 27 23
0

0101000
+173 14 -39 14 *
Ed
 1e-07 1 1 0
1  79 0 6.02138591938044 7.59218224617533
2  62 13 0 6.02138591938044 7.59218224617533
0

0101000
+49 14 -39 14 *
Wi

0101100
+172 0 -48 0 +38 0 -37 0 *
Fa
0  1e-07 13 0

0101000
+36 0 *
Ve
1e-07
16.917825744404 -2.54000000000001 13.3462001872802
0 0

0101101
*
Ed
 1e-07 1 1 0
1  80 0 -1.33226762955019e-15 5.08
2  63 14 0 -1.33226762955019e-15 5.08
4 G1 14 0 27 5
0

0101000
+171 13 -34 13 *
Ed
 1e-07 1 1 0
1  81 0 3.14159265358979 4.45058959258554
2  64 14 0 3.14159265358979 4.45058959258554
0

0101000
+44 13 -34 13 *
Wi

0101100
+170 0 -43 0 +33 0 -32 0 *
Fa
0  1e-07 14 0

0101000
+31 0 *
Ed
 1e-07 1 1 0
1  82 0 0.974505274733279 18.2901164565623
0

0101000
+34 26 -39 26 *
Wi

0101100
-169 10 +33 0 -38 4 +29 25 *
Fa
0  1e-07 27 0

0101000
+28 6 *
Ve
1.00000014214259e-07
-24.1544321158129 -2.54000000000001 -1.12798659301916e-15
0 0

0101101
*
Ed
 1e-07 1 1 0
1  83 0 0 6.28318530717959
2  65 15 0 0 6.28318530717959
0

0101100
+26 22 -26 22 *
Ed
 1e-07 1 1 0
1  84 0 67.5275307381633 72.6075307381633
3  66 67CN 15 0 67.5275307381633 72.6075307381633
0

0101000
+26 22 -167 22 *
Wi

0101100
