<?xml version='1.0' encoding='utf-8'?>
<!-- FreeCAD DocumentObject -->
<Document SchemaVersion="4" FileVersion="2">
<Object name="Fillet002">
  <Properties Count="23" TransientCount="2">
    <_Property name="_Body" type="App::PropertyLinkHidden" status="251658240"/>
    <_Property name="_ElementMapVersion" type="App::PropertyString" status="234881024"/>
    <Property name="AddSubShape" type="Part::PropertyPartShape" status="128">
      <Part ElementMap="0.15.70200.4" brep="1">
<![CDATA[

CASCADE Topology V1, (c) Matra-Datavision
Locations 0
Curve2ds 0
Curves 0
Polygon3D 0
PolygonOnTriangulations 0
Surfaces 0
Triangulations 0

TShapes 0

*]]>
      </Part>
      <ElementMap/>
    </Property>
    <Property name="AddSubType" type="App::PropertyEnumeration" status="12">
      <Integer value="0"/>
    </Property>
    <Property name="Base" type="App::PropertyLinkSub">
      <LinkSub value="Fillet001" count="4">
        <Sub value="Edge48" shadow=";#65a;:H8b,E.Edge48"/>
        <Sub value="Edge24" shadow=";#64a;:H8b,E.Edge24"/>
        <Sub value="Edge54" shadow=";#65b;:H8b,E.Edge54"/>
        <Sub value="Edge65" shadow=";#660;:H8b,E.Edge65"/>
      </LinkSub>
    </Property>
    <Property name="BaseFeature" type="App::PropertyLink" status="8">
      <Link value="Fillet001"/>
    </Property>
    <Property name="ColoredElements" type="App::PropertyLinkSubHidden" status="218103808">
      <LinkSub value="" count="0">
      </LinkSub>
    </Property>
    <Property name="ExpressionEngine" type="App::PropertyExpressionEngine" status="67108864">
      <ExpressionEngine count="0"></ExpressionEngine>
    </Property>
    <Property name="FixShape" type="App::PropertyEnumeration">
      <Integer value="1"/>
    </Property>
    <Property name="InvalidShape" type="App::PropertyBool" status="67108864">
      <Bool value="false"/>
    </Property>
    <Property name="Label" type="App::PropertyString" status="134217728">
      <String value="Fillet002"/>
    </Property>
    <Property name="Label2" type="App::PropertyString" status="128">
      <String value=""/>
    </Property>
    <Property name="NewSolid" type="App::PropertyBool">
      <Bool value="false"/>
    </Property>
    <Property name="Placement" type="App::PropertyPlacement" status="8388620">
      <PropertyPlacement Px="0" Py="0" Pz="0" Q0="0" Q1="0" Q2="0" Q3="1" A="0" Ox="0" Oy="0" Oz="1"/>
    </Property>
    <Property name="Radius" type="App::PropertyQuantityConstraint">
      <Float value="1.27"/>
    </Property>
    <Property name="Refine" type="App::PropertyBool">
      <Bool value="true"/>
    </Property>
    <Property name="Segments" type="Part::PropertyFilletSegments">
      <EdgeSegments/>
    </Property>
    <Property name="Shape" type="Part::PropertyPartShape">
      <Part HasherIndex="0" ElementMap="1.15.70200.4" brep="1">
<![CDATA[

CASCADE Topology V1, (c) Matra-Datavision
Locations 39
1
              1               0               0               0 
              0               1               0               0 
              0               0               1               0 
1
              1               0               0               0 
              0               1               0               0 
              0               0               1               0 
1
              1               0               0               0 
              0               1               0               0 
              0               0               1               0 
1
              1               0               0               0 
              0               1               0               0 
              0               0               1               0 
2  2 1 3 1 4 1 0
2  4 -1 3 -1 2 -1 0
1
              1               0               0               0 
              0               1               0               0 
              0               0               1               0 
1
              1               0               0               0 
              0 2.22044604925031e-16              -1               0 
              0               1 2.22044604925031e-16               0 
1
              1               0               0              -0 
              0               1               0            2.54 
              0               0               1 -5.6399329650958e-16 
2  7 1 8 1 9 1 2 1 3 1 4 1 0
2  4 -1 3 -1 2 -1 9 -1 8 -1 7 -1 0
2  3 -1 2 -1 9 -1 8 -1 7 -1 0
2  2 1 3 1 0
2  2 -1 9 -1 8 -1 7 -1 0
2  3 1 4 1 0
1
              1               0               0               0 
              0 2.22044604925031e-16              -1               0 
              0               1 2.22044604925031e-16               0 
1
              1               0               0              -0 
              0               1               0            2.54 
              0               0               1 -5.6399329650958e-16 
2  16 1 17 1 2 1 3 1 4 1 0
2  17 -1 16 -1 0
1
              1               0               0               0 
              0               1               0           -6.35 
              0               0               1 1.40998324127395e-15 
2  20 -1 17 -1 16 -1 0
2  2 -1 17 -1 16 -1 0
1
              1               0               0               0 
              0               1               0           -5.08 
              0               0               1 1.12798659301916e-15 
2  7 1 8 1 9 1 23 1 2 1 3 1 4 1 0
2  4 -1 3 -1 2 -1 23 -1 9 -1 8 -1 7 -1 0
2  3 -1 2 -1 23 -1 9 -1 8 -1 7 -1 0
2  9 1 23 1 2 1 3 1 4 1 0
2  9 1 23 1 2 1 3 1 0
2  2 -1 23 -1 9 -1 8 -1 7 -1 0
2  3 -1 2 -1 0
2  7 1 8 1 9 1 2 1 3 1 0
2  7 1 8 1 9 1 23 1 2 1 3 1 0
2  9 1 23 1 2 1 0
2  2 -1 0
2  16 1 17 1 2 1 0
2  9 1 23 1 0
2  16 1 17 1 20 1 0
2  16 1 17 1 20 1 2 1 0
2  17 1 20 1 2 1 3 1 4 1 0
Curve2ds 122
1 -1.8325957145940457 0 1 0 
2 10.981842546049092 -22.999889505516535 -1 1.2162560570502578e-49 -1.2162560570502578e-49 -1 1.27
1 -4.4505895925855397 -4.4408920985006262e-16 1 0 
2 -13.132202275138015 -28.14642759248073 -1 1.2162560570502578e-49 1.2162560570502578e-49 1 2.54
1 -3.1415926535897922 5.0800000000000001 1 0 
2 15.426842546049093 -5.2651418546892099 1 -1.2162560570502578e-49 -1.2162560570502578e-49 -1 3.1749999999999998
1 -6.0213859193804362 -4.4408920985006262e-16 1 0 
2 -14.282652930618717 -23.852887294625813 -1 1.2162560570502578e-49 1.2162560570502578e-49 1 2.54
1 0 0 1 0 
1 0 -6.3499999999999996 1 0 
1 -2.555907110132642 5.0800000000000001 1 0 
2 15.426842546049093 5.2651418546891815 1 -1.2162560570502578e-49 -1.2162560570502578e-49 -1 3.1749999999999998
1 -1.8325957145940466 -8.8817841970012523e-16 1 0 
2 1.4568425460490975 -15.691099945016941 -1 1.2162560570502578e-49 -1.2162560570502578e-49 -1 1.27
1 -3.1415926535897931 -8.8817841970012523e-16 1 0 
2 10.981842546049096 22.999889505516613 -1 1.2162560570502578e-49 -1.2162560570502578e-49 -1 1.27
1 -5.6974997637224343 5.0800000000000001 1 0 
2 -0.44815745395090367 -5.2651418546892153 1 -1.2162560570502578e-49 -1.2162560570502578e-49 -1 3.1749999999999998
1 -4.4505895925855441 -4.4408920985006262e-16 1 0 
2 -13.132202275138017 28.146427592480698 -1 1.2162560570502578e-49 -1.2162560570502578e-49 -1 2.54
1 -5.6974997637224334 5.0800000000000001 1 0 
2 -0.44815745395090367 5.2651418546891868 1 -1.2162560570502578e-49 1.2162560570502578e-49 1 3.1749999999999998
1 -6.0213859193804362 0 1 0 
2 -14.282652930618719 23.852887294625791 -1 1.2162560570502578e-49 -1.2162560570502578e-49 -1 2.54
1 -3.1415926535897931 -8.8817841970012523e-16 1 0 
2 1.4568425460490957 15.691099945016909 -1 1.2162560570502578e-49 -1.2162560570502578e-49 -1 1.27
2 -11.508534443861986 -25.424432115812927 0 1 1 -0 1.2699999999999996
1 0 -72.607530738163405 1 0 
2 -11.508534443861986 25.424432115812849 0 1 1 -0 1.2699999999999996
1 0 -72.607530738163405 1 0 
1 0 0 0 1 
1 0.9745052747332803 0 0 -1 
1 0 0 0 1 
1 25.598906017061893 -4.4408920985006262e-16 0 -1 
1 1.3089969389957465 0 0 1 
1 0.97450527473327853 0 0 -1 
1 -1.8325957145940457 5.0800000000000001 1 0 
2 11.033965556138014 -22.999889505516535 -1 0 -0 -1 1.27
1 1.5707963267948968 0 0 1 
1 2.5399999999999991 0 0 -1 
1 -4.4505895925855388 5.0799999999999992 1 0 
2 -13.080079265049092 -28.14642759248073 -1 0 0 1 2.54
1 5.5948246910244098e-16 -4.4408920985006262e-16 0 1 
1 18.709252925560605 -5.0800000000000001 0 1 
1 0 0 0 1 
1 6.9850000000000065 4.4408920985006262e-16 0 -1 
1 -3.1415926535897922 0 1 0 
2 15.478965556138014 -5.265141854689209 1 0 0 -1 3.1749999999999998
1 0.58568554345715074 -4.4408920985006262e-16 0 1 
1 2.1564818702520476 -5.0800000000000001 0 1 
1 1.5707963267948966 0 0 1 
1 2.5399999999999991 4.4408920985006262e-16 0 -1 
1 -6.0213859193804362 5.0800000000000001 1 0 
2 -14.230529920529795 -23.852887294625813 -1 0 0 1 2.54
1 0 -4.4408920985006262e-16 0 1 
1 0.98511078333774582 -5.0800000000000001 0 1 
1 -4.7123889803846897 -5.0800000000000001 1 0 
2 7.5414655561380144 -1.3761592827753616e-14 1 0 0 -1 6.3499999999999996
2 7.5414655561380144 -1.3761592827753616e-14 1 0 -0 1 6.3499999999999996
1 7.8539816339744828 -5.0800000000000001 -1 0 
2 7.5414655561380144 -1.3761592827753616e-14 0 1 -1 0 6.3499999999999996
1 6.2831853071795862 -5.0800000000000001 -1 0 
1 0 0 0 -1 
1 6.2831853071795862 0 0 -1 
2 7.5414655561380144 -1.3761592827753616e-14 1 0 0 -1 6.3499999999999996
1 1.5707963267948966 -5.0800000000000001 1 0 
1 0 4.4408920985006262e-16 0 1 
1 4.1267034369275386 -5.0800000000000001 0 1 
1 0 4.4408920985006262e-16 0 1 
1 5.2980745238418407 -5.0800000000000001 0 1 
1 7.8539816339744828 -5.0800000000000001 -1 0 
2 7.5414655561380144 -1.3761592827753616e-14 1 0 -0 1 6.3499999999999996
1 0 0 0 1 
1 19.855611181829019 -4.4408920985006262e-16 0 -1 
1 -2.555907110132642 -4.4408920985006262e-16 1 0 
2 15.478965556138014 5.2651418546891824 1 0 0 -1 3.1749999999999998
1 0.58568554345715007 -4.4408920985006262e-16 0 1 
1 29.239536634938993 -5.0800000000000001 0 1 
1 1.3089969389957465 0 0 1 
1 32.356705164767128 0 0 -1 
1 -1.8325957145940466 5.0800000000000001 1 0 
2 1.5089655561380209 -15.691099945016941 -1 0 -0 -1 1.27
1 0 0 0 1 
1 46.97428428576643 0 0 -1 
1 0.58568554345715207 0 0 1 
1 21.930747074439402 -5.0800000000000001 0 1 
1 1.3089969389957508 0 0 1 
1 27.164400742328585 0 0 -1 
1 -3.1415926535897931 5.0800000000000001 1 0 
2 11.033965556138018 22.999889505516613 -1 0 -0 -1 1.27
1 -5.6974997637224343 0 1 0 
2 -0.39603444386198028 -5.2651418546892144 1 0 0 -1 3.1749999999999998
1 0 0 0 1 
1 2.5399999999999903 -4.4408920985006262e-16 0 -1 
1 1.5707963267948932 0 0 1 
1 6.9849999999999959 0 0 -1 
1 -4.4505895925855441 5.0800000000000001 1 0 
2 -13.080079265049093 28.146427592480698 -1 0 -0 -1 2.54
1 -5.6974997637224334 0 1 0 
2 -0.39603444386198028 5.2651418546891877 1 0 -0 1 3.1749999999999998
1 0.58568554345715285 0 0 1 
1 11.400463365061 -5.0800000000000001 0 1 
1 0 0 0 1 
1 2.5399999999999956 4.4408920985006262e-16 0 -1 
1 0 0 0 1 
1 0.97450527473327853 0 0 -1 
1 1.5707963267948954 0 0 1 
1 18.290116456562298 4.4408920985006262e-16 0 -1 
1 -6.0213859193804362 5.080000000000001 1 0 
2 -14.230529920529795 23.852887294625791 -1 0 -0 -1 2.54
1 1.3089969389957463 0 0 1 
1 0.9745052747332803 -4.4408920985006262e-16 0 -1 
1 -3.1415926535897931 5.0800000000000001 1 0 
2 1.5089655561380191 15.691099945016909 -1 0 -0 -1 1.27
2 -11.508534443861986 -25.424432115812927 0 1 1 -0 1.2699999999999996
1 0 -67.527530738163392 1 0 
1 0 0 0 -1 
1 6.2831853071795862 0 0 -1 
2 -11.508534443861986 25.424432115812849 0 1 1 -0 1.2699999999999996
1 0 -67.527530738163392 1 0 
1 0 0 0 -1 
1 6.2831853071795862 0 0 -1 
Curves 69
1 -23.974394780249799 23.8125 0 -0.25881904510252141 -0.9659258262890682 0 
8 1.8325957145940457 3.1415926535897931
2 -22.999889505516521 2.5400000000000058 22.5425 -0 1 -2.2204460492503131e-16 0 -2.2204460492503131e-16 -1 -1 -0 0 1.27
8 4.4505895925855397 6.0213859193804362
2 -28.146427592480716 2.54 -1.5715448211871064 0 -1 2.2204460492503131e-16 0 -2.2204460492503131e-16 -1 1 0 0 2.54
1 -23.974394780249799 23.8125 0 1 0 0 
1 -31.257279565815349 -3.3675960454009291 0 0.9659258262890682 -0.25881904510252135 0 
8 3.1415926535897936 3.7272781970469442
2 -5.2651418546891957 2.5400000000000063 26.987500000000001 -0 -1 2.2204460492503131e-16 0 2.2204460492503131e-16 1 -1 0 0 3.1749999999999998
8 6.0213859193804362 7.5921822461753328
2 -23.852887294625798 2.54 -2.7219954766678098 0 -1 2.2204460492503131e-16 0 -2.2204460492503131e-16 -1 1 0 0 2.54
2 0 19.050000000000001 0 0 0 1 1 0 -0 -0 1 0 6.3499999999999996
1 -22.056836070411972 -5.8328474500024452 0 0.25881904510252129 0.96592582628906809 0 
8 2.555907110132642 3.1415926535897922
2 5.2651418546891957 2.5400000000000063 26.987500000000001 -0 -1 2.2204460492503131e-16 0 2.2204460492503131e-16 1 -1 0 0 3.1749999999999998
8 1.8325957145940466 3.1415926535897931
2 -15.691099945016926 2.5400000000000036 13.017500000000005 -0 1 -2.2204460492503131e-16 0 -2.2204460492503131e-16 -1 -1 -0 0 1.27
1 16.665605219750201 14.287500000000003 0 -1 0 0 
8 3.1415926535897931 4.4505895925855423
2 22.999889505516627 2.5400000000000058 22.542500000000004 -0 1 -2.2204460492503131e-16 0 -2.2204460492503131e-16 -1 -1 -0 0 1.27
8 5.6974997637224343 6.2831853071795862
2 -5.265141854689201 2.5400000000000027 11.112500000000004 -0 -1 2.2204460492503131e-16 0 2.2204460492503131e-16 1 -1 0 0 3.1749999999999998
1 31.257279565815335 -3.3675960454009419 0 -0.25881904510251724 0.9659258262890692 0 
8 4.4505895925855441 6.0213859193804371
2 28.146427592480713 2.54 -1.5715448211871081 -0 1 -2.2204460492503131e-16 0 -2.2204460492503131e-16 -1 -1 -0 0 2.54
8 5.6974997637224334 6.2831853071795862
2 5.265141854689201 2.5400000000000027 11.112500000000004 0 1 -2.2204460492503131e-16 0 2.2204460492503131e-16 1 1 -0 0 3.1749999999999998
1 22.056836070411975 -5.8328474500024452 0 0.96592582628906831 0.25881904510252052 0 
8 6.0213859193804362 7.5921822461753319
2 23.852887294625805 2.54 -2.7219954766678103 -0 1 -2.2204460492503131e-16 0 -2.2204460492503131e-16 -1 -1 -0 0 2.54
8 3.1415926535897931 4.4505895925855405
2 15.691099945016923 2.5400000000000036 13.017500000000004 -0 1 -2.2204460492503131e-16 0 -2.2204460492503131e-16 -1 -1 -0 0 1.27
1 16.665605219750201 14.287500000000003 0 0.25881904510252163 -0.96592582628906809 0 
2 -25.424432115812913 2.5400000000000063 -5.6399329650958091e-16 0 -1 2.2204460492503131e-16 1 0 0 -0 2.2204460492503131e-16 1 1.2699999999999996
2 25.424432115812863 2.5400000000000063 -5.6399343049833773e-16 0 -1 2.2204460492503131e-16 1 0 0 -0 2.2204460492503131e-16 1 1.2699999999999996
1 -24.226615304903639 2.5400000000000049 22.871200187280202 0 -1 2.2204460492503131e-16 
1 -30.599879191254949 2.5399999999999996 -0.91414444662670202 0 -1 2.2204460492503131e-16 
1 -22.999889505516521 2.5400000000000054 23.8125 0 -1 2.2204460492503131e-16 
8 1.8325957145940457 3.1415926535897931
2 -22.999889505516521 -2.5399999999999952 22.5425 -0 1 -2.2204460492503131e-16 0 -2.2204460492503131e-16 -1 -1 -0 0 1.27
1 -28.803827967041119 2.5399999999999991 -4.0249964199613393 0 -1 2.2204460492503131e-16 
8 4.4505895925855388 6.0213859193804362
2 -28.146427592480716 -2.5400000000000005 -1.5715448211871053 0 -1 2.2204460492503131e-16 0 -2.2204460492503131e-16 -1 1 0 0 2.54
1 -5.2651418546891939 -2.5399999999999947 23.8125 0 1 -2.2204460492503131e-16 
1 -24.510287669186201 2.5399999999999991 -5.175447075442043 0 -1 2.2204460492503131e-16 
8 3.1415926535897936 3.7272781970469442
2 -5.2651418546891957 -2.5399999999999943 26.987500000000001 -0 -1 2.2204460492503131e-16 0 2.2204460492503131e-16 1 -1 0 0 3.1749999999999998
1 -3.5100945697927983 -2.5399999999999947 24.341666666666669 0 1 -2.2204460492503131e-16 
1 -21.399435695851565 2.5399999999999996 -3.3793958512282143 0 -1 2.2204460492503131e-16 
8 6.0213859193804371 7.5921822461753328
2 -23.852887294625798 -2.5400000000000005 -2.7219954766678085 0 -1 2.2204460492503131e-16 0 -2.2204460492503131e-16 -1 1 0 0 2.54
1 3.510094569792797 -2.5399999999999947 24.341666666666669 0 1 -2.2204460492503131e-16 
8 5.5604510593661711 5.6974997637224352
2 0 -2.5399999999999956 19.050000000000001 -0 -1 2.2204460492503131e-16 0 2.2204460492503131e-16 1 -1 0 0 6.3499999999999996
8 5.5604510593661702 5.6974997637224352
2 0 -2.5399999999999956 19.050000000000001 0 1 -2.2204460492503131e-16 0 2.2204460492503131e-16 1 1 -0 0 6.3499999999999996
2 0 -2.5399999999999956 19.050000000000001 0 1 -2.2204460492503131e-16 1 0 0 0 -2.2204460492503131e-16 -1 6.3499999999999996
1 6.3499999999999996 2.5400000000000045 19.050000000000001 0 -1 2.2204460492503131e-16 
8 2.4188584057763776 2.555907110132642
2 0 -2.5399999999999956 19.050000000000001 -0 -1 2.2204460492503131e-16 0 2.2204460492503131e-16 1 -1 0 0 6.3499999999999996
1 -3.5100945697927997 -2.5399999999999965 13.758333333333336 0 1 -2.2204460492503131e-16 
1 3.5100945697927979 -2.5399999999999965 13.758333333333335 0 1 -2.2204460492503131e-16 
8 2.418858405776378 2.555907110132642
2 0 -2.5399999999999956 19.050000000000001 0 1 -2.2204460492503131e-16 0 2.2204460492503131e-16 1 1 -0 0 6.3499999999999996
1 -16.917825744404041 2.5400000000000027 13.346200187280207 0 -1 2.2204460492503131e-16 
8 2.555907110132642 3.1415926535897918
2 5.2651418546891957 -2.5399999999999943 26.987500000000001 -0 -1 2.2204460492503131e-16 0 2.2204460492503131e-16 1 -1 0 0 3.1749999999999998
1 5.2651418546891939 -2.5399999999999947 23.8125 0 1 -2.2204460492503131e-16 
1 -15.691099945016926 2.5400000000000031 14.287500000000005 0 -1 2.2204460492503131e-16 
8 1.8325957145940475 3.1415926535897931
2 -15.691099945016926 -2.5399999999999974 13.017500000000007 -0 1 -2.2204460492503131e-16 0 -2.2204460492503131e-16 -1 -1 -0 0 1.27
1 22.999889505516627 2.5400000000000054 23.812500000000004 0 -1 2.2204460492503131e-16 
1 -5.265141854689201 -2.5399999999999969 14.287500000000005 0 1 -2.2204460492503131e-16 
1 24.226615304903746 2.5400000000000049 22.871200187280202 0 -1 2.2204460492503131e-16 
8 3.1415926535897931 4.450589592585545
2 22.999889505516627 -2.5399999999999952 22.542500000000004 -0 1 -2.2204460492503131e-16 0 -2.2204460492503131e-16 -1 -1 -0 0 1.27
8 5.6974997637224343 6.2831853071795862
2 -5.265141854689201 -2.5399999999999974 11.112500000000006 -0 -1 2.2204460492503131e-16 0 2.2204460492503131e-16 1 -1 0 0 3.1749999999999998
1 30.599879191254949 2.5399999999999996 -0.91414444662671424 0 -1 2.2204460492503131e-16 
1 28.803827967041116 2.5399999999999991 -4.0249964199613419 0 -1 2.2204460492503131e-16 
8 4.4505895925855441 6.0213859193804362
2 28.146427592480713 -2.5400000000000005 -1.571544821187107 -0 1 -2.2204460492503131e-16 0 -2.2204460492503131e-16 -1 -1 -0 0 2.54
8 5.6974997637224334 6.2831853071795862
2 5.265141854689201 -2.5399999999999974 11.112500000000006 0 1 -2.2204460492503131e-16 0 2.2204460492503131e-16 1 1 -0 0 3.1749999999999998
1 5.265141854689201 -2.5399999999999969 14.287500000000005 0 1 -2.2204460492503131e-16 
1 24.510287669186209 2.5399999999999991 -5.1754470754420439 0 -1 2.2204460492503131e-16 
1 15.691099945016923 2.5400000000000031 14.287500000000003 0 -1 2.2204460492503131e-16 
1 21.399435695851572 2.5399999999999996 -3.3793958512282152 0 -1 2.2204460492503131e-16 
8 6.0213859193804362 7.5921822461753319
2 23.852887294625805 -2.5400000000000005 -2.7219954766678089 -0 1 -2.2204460492503131e-16 0 -2.2204460492503131e-16 -1 -1 -0 0 2.54
1 16.917825744404041 2.5400000000000027 13.346200187280205 0 -1 2.2204460492503131e-16 
8 3.1415926535897931 4.4505895925855405
2 15.691099945016923 -2.5399999999999974 13.017500000000005 -0 1 -2.2204460492503131e-16 0 -2.2204460492503131e-16 -1 -1 -0 0 1.27
2 -25.424432115812913 -2.5400000000000063 5.6399329650958091e-16 0 -1 2.2204460492503131e-16 1 0 0 -0 2.2204460492503131e-16 1 1.2699999999999996
1 -24.154432115812913 -70.067530738163398 1.5558117180827979e-14 -0 1 -2.2204460492503131e-16 
2 25.424432115812863 -2.5400000000000063 5.639931625208241e-16 0 -1 2.2204460492503131e-16 1 0 0 -0 2.2204460492503131e-16 1 1.2699999999999996
1 26.694432115812862 -70.067530738163398 1.5558117046839222e-14 -0 1 -2.2204460492503131e-16 
Polygon3D 0
PolygonOnTriangulations 0
Surfaces 26
1 1.4093556744168182e-14 2.5400000000000031 11.560657453950908 -2.5993080739627973e-32 1 -2.2672375807826258e-16 0 2.2672375807826258e-16 1 1 2.5993080739627973e-32 -5.8932489493201597e-48 
2 -22.999889505516521 2.5400000000000049 22.5425 0 -1 2.2204460492503131e-16 -0.9659258262890682 5.7469372616863225e-17 0.25881904510252141 0.25881904510252141 2.1447861848524057e-16 0.9659258262890682 1.27
2 -28.146427592480716 2.5399999999999996 -1.5715448211871064 0 -1 2.2204460492503131e-16 -0.9659258262890682 5.7469372616863225e-17 0.25881904510252141 -0.25881904510252141 -2.1447861848524057e-16 -0.9659258262890682 2.54
2 -5.2651418546891957 -2.5399999999999938 26.987500000000001 0 1 -2.2204460492503131e-16 0 -2.2204460492503131e-16 -1 1 -0 0 3.1749999999999998
2 -23.852887294625798 2.5399999999999996 -2.7219954766678098 0 -1 2.2204460492503131e-16 -0.25881904510252135 -2.1447861848524057e-16 -0.9659258262890682 0.9659258262890682 -5.7469372616863212e-17 -0.25881904510252135 2.54
2 0 2.5400000000000045 19.050000000000001 -0 1 -2.2204460492503131e-16 1 0 0 0 2.2204460492503131e-16 1 6.3499999999999996
2 5.2651418546891957 -2.5399999999999938 26.987500000000001 0 1 -2.2204460492503131e-16 -0.55277079839256671 -1.8503717077085941e-16 -0.83333333333333326 0.83333333333333326 -1.2273977354317161e-16 -0.55277079839256671 3.1749999999999998
2 -15.691099945016926 2.5400000000000027 13.017500000000005 0 -1 2.2204460492503131e-16 -0.9659258262890682 5.7469372616863212e-17 0.25881904510252135 0.25881904510252135 2.1447861848524057e-16 0.9659258262890682 1.27
2 22.999889505516627 2.5400000000000049 22.542500000000004 0 -1 2.2204460492503131e-16 -0 2.2204460492503131e-16 1 1 0 -0 1.27
2 -5.265141854689201 -2.5399999999999974 11.112500000000006 0 1 -2.2204460492503131e-16 0.5527707983925676 1.8503717077085928e-16 0.8333333333333327 -0.8333333333333327 1.227397735431718e-16 0.5527707983925676 3.1749999999999998
2 28.146427592480713 2.5399999999999996 -1.5715448211871081 0 -1 2.2204460492503131e-16 0.96592582628906931 5.7469372616862313e-17 0.2588190451025173 0.2588190451025173 -2.1447861848524082e-16 -0.96592582628906931 2.54
2 5.265141854689201 -2.5399999999999974 11.112500000000006 0 1 -2.2204460492503131e-16 -0.55277079839256826 1.8503717077085921e-16 0.83333333333333237 0.83333333333333237 1.2273977354317195e-16 0.55277079839256826 3.1749999999999998
2 23.852887294625805 2.5399999999999996 -2.7219954766678103 0 -1 2.2204460492503131e-16 0.25881904510252052 -2.1447861848524059e-16 -0.96592582628906831 -0.96592582628906831 -5.7469372616863028e-17 -0.25881904510252052 2.54
2 15.691099945016923 2.5400000000000027 13.017500000000004 0 -1 2.2204460492503131e-16 0 2.2204460492503131e-16 1 1 -0 -0 1.27
1 1.3761592827753616e-14 2.5554079838534497e-15 11.508534443861986 -1.0760336245289261e-92 1 -2.2204460492503131e-16 0 2.2204460492503131e-16 1 1 1.0760336245289261e-92 -2.3892746104457487e-108 
2 -25.424432115812913 -70.067530738163398 1.5558117180827979e-14 0 -1 2.2204460492503131e-16 1 0 0 0 2.2204460492503131e-16 1 1.2699999999999996
2 25.424432115812863 -70.067530738163398 1.5558117046839222e-14 0 -1 2.2204460492503131e-16 1 0 0 0 2.2204460492503131e-16 1 1.2699999999999996
1 -23.974394780249799 2.5400000000000054 23.8125 0.9659258262890682 -5.7469372616863225e-17 -0.25881904510252141 -0.25881904510252141 -2.1447861848524057e-16 -0.9659258262890682 0 1 -2.2204460492503131e-16 
1 -23.974394780249799 2.5400000000000054 23.8125 -0 2.2204460492503131e-16 1 1 0 0 0 1 -2.2204460492503131e-16 
1 -31.257279565815349 2.5399999999999991 -3.3675960454009295 0.25881904510252135 2.1447861848524057e-16 0.9659258262890682 0.9659258262890682 -5.7469372616863212e-17 -0.25881904510252135 0 1 -2.2204460492503131e-16 
1 -22.056836070411972 2.5399999999999987 -5.8328474500024461 -0.9659258262890682 5.7469372616863212e-17 0.25881904510252135 0.25881904510252135 2.1447861848524057e-16 0.9659258262890682 0 1 -2.2204460492503131e-16 
1 16.665605219750201 2.5400000000000031 14.287500000000003 -0 -2.2204460492503131e-16 -1 -1 0 0 0 1 -2.2204460492503131e-16 
1 31.257279565815335 2.5399999999999991 -3.3675960454009424 -0.96592582628906931 -5.7469372616862313e-17 -0.2588190451025173 -0.2588190451025173 2.1447861848524082e-16 0.96592582628906931 0 1 -2.2204460492503131e-16 
1 22.056836070411975 2.5399999999999987 -5.8328474500024461 -0.25881904510252052 2.1447861848524059e-16 0.96592582628906831 0.96592582628906831 5.7469372616863028e-17 0.25881904510252052 0 1 -2.2204460492503131e-16 
1 16.665605219750201 2.5400000000000031 14.287500000000003 0.96592582628906809 5.7469372616863274e-17 0.25881904510252163 0.25881904510252163 -2.1447861848524054e-16 -0.96592582628906809 0 1 -2.2204460492503131e-16 
1 0 4.2299497238218466e-15 19.050000000000001 -1.2325951644078309e-32 1 -2.2204460492503131e-16 0 2.2204460492503131e-16 1 1 1.2325951644078309e-32 -2.7369110631344083e-48 
Triangulations 0

TShapes 207
Ve
1e-07
-24.2266153049036 2.54 22.8712001872802
0 0

0101101
*
Ve
1e-07
-30.5998791912549 2.54 -0.914144446626702
0 0

0101101
*
Ed
 1e-07 1 1 0
1  1 0 0.97450527473328 25.5989060170619
0

0101000
+207 11 -206 12 *
Ve
1e-07
-22.9998895055165 2.54000000000001 23.8125
0 0

0101101
*
Ed
 1e-07 1 1 0
1  2 0 1.83259571459405 3.14159265358979
2  1 2 0 1.83259571459405 3.14159265358979
2  2 1 5 1.83259571459405 3.14159265358979
0

0101000
+207 0 -204 0 *
Ve
1e-07
-28.8038279670411 2.54 -4.02499641996134
0 0

0101101
*
Ed
 1e-07 1 1 0
1  3 0 4.45058959258554 6.02138591938044
2  3 3 0 4.45058959258554 6.02138591938044
2  4 1 13 4.45058959258554 6.02138591938044
0

0101000
+206 0 -202 0 *
Ve
1e-07
-5.26514185468919 2.54000000000001 23.8125
0 0

0101101
*
Ed
 1e-07 1 1 0
1  4 0 0.974505274733279 18.7092529255606
0

0101000
+204 11 -200 14 *
Ve
1e-07
-24.5102876691862 2.54 -5.17544707544204
0 0

0101101
*
Ed
 1e-07 1 1 0
1  5 0 2.54 6.98500000000001
0

0101000
+202 12 -198 12 *
Ve
1e-07
-3.5100945697928 2.54000000000001 24.3416666666667
0 0

0101101
*
Ed
 1e-07 1 1 0
1  6 0 3.14159265358979 3.72727819704694
2  5 4 0 3.14159265358979 3.72727819704694
2  6 1 2 3.14159265358979 3.72727819704694
0

0101000
+200 0 -196 0 *
Ve
1e-07
-21.3994356958516 2.54 -3.37939585122821
0 0

0101101
*
Ed
 1e-07 1 1 0
1  7 0 6.02138591938044 7.59218224617533
2  7 5 0 6.02138591938044 7.59218224617533
2  8 1 13 6.02138591938044 7.59218224617533
0

0101000
+198 0 -194 0 *
Ve
1e-07
3.5100945697928 2.54000000000001 24.3416666666667
0 0

0101101
*
Ed
 1e-07 1 1 0
1  8 0 0.985110783337746 2.15648187025205
2  9 6 19 0.985110783337746 2.15648187025205
2  10 6 21 0.985110783337746 2.15648187025205
0

0101000
+192 22 -196 22 *
Ve
1e-07
-16.917825744404 2.54 13.3462001872802
0 0

0101101
*
Ed
 1e-07 1 1 0
1  9 0 2.54 19.855611181829
0

0101000
-190 11 +194 12 *
Ve
1e-07
5.26514185468919 2.54000000000001 23.8125
0 0

0101101
*
Ed
 1e-07 1 1 0
1  10 0 2.55590711013264 3.14159265358979
2  11 7 0 2.55590711013264 3.14159265358979
2  12 1 2 2.55590711013264 3.14159265358979
0

0101000
+192 0 -188 0 *
Ve
1e-07
-15.6910999450169 2.54 14.2875
0 0

0101101
*
Ed
 1e-07 1 1 0
1  11 0 1.83259571459405 3.14159265358979
2  13 8 0 1.83259571459405 3.14159265358979
2  14 1 5 1.83259571459405 3.14159265358979
0

0101000
+190 0 -186 0 *
Ve
1e-07
22.9998895055166 2.54000000000001 23.8125
0 0

0101101
*
Ed
 1e-07 1 1 0
1  4 0 29.239536634939 46.9742842857664
0

0101000
-184 11 +188 14 *
Ve
1e-07
-5.2651418546892 2.54 14.2875
0 0

0101101
*
Ed
 1e-07 1 1 0
1  12 0 21.9307470744394 32.3567051647671
0

0101000
-186 11 +182 14 *
Ve
1e-07
24.2266153049037 2.54 22.8712001872802
0 0

0101101
*
Ed
 1e-07 1 1 0
1  13 0 3.14159265358979 4.45058959258554
2  15 9 0 3.14159265358979 4.45058959258554
2  16 1 5 3.14159265358979 4.45058959258554
0

0101000
+184 0 -180 0 *
Ve
1e-07
-3.5100945697928 2.54 13.7583333333333
0 0

0101101
*
Ed
 1e-07 1 1 0
1  14 0 5.69749976372243 6.28318530717959
2  17 10 0 5.69749976372243 6.28318530717959
2  18 1 2 5.69749976372243 6.28318530717959
0

0101000
+178 0 -182 0 *
Ve
1e-07
30.5998791912549 2.54 -0.914144446626714
0 0

0101101
*
Ed
 1e-07 1 1 0
1  15 0 2.53999999999999 27.1644007423286
0

0101000
-180 11 +176 12 *
Ve
1e-07
3.5100945697928 2.54 13.7583333333333
0 0

0101101
*
Ed
 1e-07 1 1 0
1  8 0 4.12670343692754 5.29807452384184
2  9 6 19 4.12670343692754 5.29807452384184
2  10 6 21 4.12670343692754 5.29807452384184
0

0101000
+178 22 -174 22 *
Ve
1e-07
28.8038279670411 2.54 -4.02499641996134
0 0

0101101
*
Ed
 1e-07 1 1 0
1  16 0 4.45058959258554 6.02138591938044
2  19 11 0 4.45058959258554 6.02138591938044
2  20 1 13 4.45058959258554 6.02138591938044
0

0101000
+176 0 -172 0 *
Ve
1e-07
5.2651418546892 2.54 14.2875
0 0

0101101
*
Ed
 1e-07 1 1 0
1  17 0 5.69749976372243 6.28318530717959
2  21 12 0 5.69749976372243 6.28318530717959
2  22 1 2 5.69749976372243 6.28318530717959
0

0101000
+174 0 -170 0 *
Ve
1e-07
24.5102876691862 2.54 -5.17544707544204
0 0

0101101
*
Ed
 1e-07 1 1 0
1  18 0 2.54 6.985
0

0101000
+168 12 -172 12 *
Ve
1e-07
15.6910999450169 2.54 14.2875
0 0

0101101
*
Ed
 1e-07 1 1 0
1  12 0 0.974505274733279 11.400463365061
0

0101000
+166 11 -170 14 *
Ve
1e-07
21.3994356958516 2.54 -3.37939585122822
0 0

0101101
*
Ed
 1e-07 1 1 0
1  19 0 6.02138591938044 7.59218224617533
2  23 13 0 6.02138591938044 7.59218224617533
2  24 1 13 6.02138591938044 7.59218224617533
0

0101000
+168 0 -164 0 *
Ve
1e-07
16.917825744404 2.54 13.3462001872802
0 0

0101101
*
Ed
 1e-07 1 1 0
1  20 0 3.14159265358979 4.45058959258554
2  25 14 0 3.14159265358979 4.45058959258554
2  26 1 5 3.14159265358979 4.45058959258554
0

0101000
+166 0 -162 0 *
Ed
 1e-07 1 1 0
1  21 0 0.974505274733279 18.2901164565623
0

0101000
+162 11 -164 12 *
Wi

0101100
-205 10 +203 0 -201 4 +199 10 -197 10 +195 15 -193 4 -191 18 -189 10 +187 15 
-185 0 +183 10 +181 10 +179 0 +177 15 -175 10 -173 18 +171 4 -169 15 -167 10 
+165 10 +163 4 -161 0 -160 10 *
Ve
1.0000000031106e-07
-24.1544321158129 2.54000000000001 -5.63993296509581e-16
0 0

0101101
*
Ed
 1e-07 1 1 0
1  22 0 0 6.28318530717959
2  27 15 9 0 6.28318530717959
2  28 16 0 0 6.28318530717959
0

0101100
+158 0 -158 0 *
Wi

0101100
+157 0 *
Ve
1.0000000031106e-07
26.6944321158129 2.54000000000001 -5.63993430498338e-16
0 0

0101101
*
Ed
 1e-07 1 1 0
1  23 0 0 6.28318530717959
2  29 15 9 0 6.28318530717959
2  30 17 0 0 6.28318530717959
0

0101100
+155 0 -155 0 *
Wi

0101100
+154 0 *
Fa
0  1e-07 1 0

0101000
+159 6 +156 0 +153 0 *
Ve
1e-07
-24.2266153049036 -2.54 22.8712001872802
0 0

0101101
*
Ed
 1e-07 1 1 0
1  24 0 -0 5.08
2  31 2 0 -0 5.08
2  32 18 5 -0 5.08
4 G1 2 0 18 5
0

0101000
+207 0 -151 0 *
Ve
1e-07
-30.5998791912549 -2.54 -0.914144446626701
0 0

0101101
*
Ed
 1e-07 1 1 0
1  25 0 -4.44089209850064e-16 5.08
2  33 3 0 -4.44089209850064e-16 5.08
2  34 18 13 -4.44089209850064e-16 5.08
4 G1 3 0 18 13
0

0101000
+206 0 -149 0 *
Ed
 1e-07 1 1 0
1  1 0 0.974505274733279 25.5989060170619
0

0101000
+151 25 -149 26 *
Wi

0101100
-205 10 +150 0 -148 4 +147 24 *
Fa
0  1e-07 18 0

0101000
+146 6 *
Ve
1e-07
-22.9998895055165 -2.54 23.8125
0 0

0101101
*
Ed
 1e-07 1 1 0
1  26 0 -4.44089209850063e-16 5.08
2  35 2 0 -4.44089209850063e-16 5.08
2  36 19 5 -4.44089209850063e-16 5.08
4 G1 2 0 19 5
0

0101000
+204 0 -144 0 *
Ed
 1e-07 1 1 0
1  27 0 1.83259571459405 3.14159265358979
2  37 2 0 1.83259571459405 3.14159265358979
2  38 15 27 1.83259571459405 3.14159265358979
0

0101000
+151 0 -144 0 *
Wi

0101100
+203 0 -150 0 +143 0 -142 0 *
Fa
0  0 2 0

0111000
+141 0 *
Ve
1e-07
-28.8038279670411 -2.54 -4.02499641996134
0 0

0101101
*
Ed
 1e-07 1 1 0
1  28 0 -4.44089209850061e-16 5.08
2  39 3 0 -4.44089209850061e-16 5.08
2  40 20 13 -4.44089209850061e-16 5.08
4 G1 3 0 20 13
0

0101000
+202 0 -139 0 *
Ed
 1e-07 1 1 0
1  29 0 4.45058959258554 6.02138591938044
2  41 3 0 4.45058959258554 6.02138591938044
2  42 15 28 4.45058959258554 6.02138591938044
0

0101000
+149 0 -139 0 *
Wi

0101100
+201 0 -148 0 +138 0 -137 0 *
Fa
0  0 3 0

0111000
+136 0 *
Ve
1e-07
-5.26514185468919 -2.54 23.8125
0 0

0101101
*
Ed
 1e-07 1 1 0
1  30 0 4.44089209850063e-16 5.08
2  43 4 0 4.44089209850063e-16 5.08
2  44 19 2 4.44089209850063e-16 5.08
4 G1 4 0 19 2
0

0101000
+134 0 -200 0 *
Ed
 1e-07 1 1 0
1  4 0 0.974505274733279 18.7092529255606
0

0101000
+144 25 -134 29 *
Wi

0101100
-199 10 +143 0 +133 15 +132 24 *
Fa
0  1e-07 19 0

0101000
+131 6 *
Ve
1e-07
-24.5102876691862 -2.54 -5.17544707544204
0 0

0101101
*
Ed
 1e-07 1 1 0
1  31 0 0 5.08
2  45 5 0 0 5.08
2  46 20 13 0 5.08
4 G1 5 0 20 13
0

0101000
+198 0 -129 0 *
Ed
 1e-07 1 1 0
1  5 0 2.54 6.98500000000001
0

0101000
+139 26 -129 26 *
Wi

0101100
-197 31 +138 0 -128 0 +127 32 *
Fa
0  1e-07 20 0

0111000
+126 30 *
Ve
1e-07
-3.5100945697928 -2.53999999999999 24.3416666666667
0 0

0101101
*
Ed
 1e-07 1 1 0
1  32 0 3.14159265358979 3.72727819704694
2  47 4 0 3.14159265358979 3.72727819704694
2  48 15 33 3.14159265358979 3.72727819704694
0

0101000
+134 0 -124 0 *
Ed
 1e-07 1 1 0
1  33 0 -0 5.08
2  49 4 0 -0 5.08
2  50 6 2 -0 5.08
4 G1 4 0 6 2
0

0101000
+124 0 -196 0 *
Wi

0101100
+123 0 -133 0 +122 0 -195 0 *
Fa
0  0 4 0

0111000
+121 0 *
Ve
1e-07
-21.3994356958516 -2.54 -3.37939585122821
0 0

0101101
*
Ed
 1e-07 1 1 0
1  34 0 2.95822839457879e-31 5.08
2  51 5 0 2.95822839457879e-31 5.08
2  52 21 13 2.95822839457879e-31 5.08
4 G1 5 0 21 13
0

0101000
+194 0 -119 0 *
Ed
 1e-07 1 1 0
1  35 0 6.02138591938044 7.59218224617533
2  53 5 0 6.02138591938044 7.59218224617533
2  54 15 28 6.02138591938044 7.59218224617533
0

0101000
+129 0 -119 0 *
Wi

0101100
+193 0 -128 0 +118 0 -117 0 *
Fa
0  0 5 0

0111000
+116 0 *
Ve
1e-07
3.5100945697928 -2.53999999999999 24.3416666666667
0 0

0101101
*
Ed
 1e-07 1 1 0
1  36 0 -0 5.08
2  55 7 0 -0 5.08
2  56 6 2 -0 5.08
4 G1 7 0 6 2
0

0101000
+114 0 -192 0 *
Ve
1.00000003552714e-07
4.20013020631503 -2.53999999999999 23.8125
0 0

0101101
*
Ed
 1e-07 1 1 0
1  37 0 5.56045105936617 5.69749976372244
2  57 6 2 5.56045105936617 5.69749976372244
2  58 15 33 5.56045105936617 5.69749976372244
0

0101000
+112 2 -114 0 *
Ve
1.00000004440892e-07
-4.20013020631503 -2.53999999999999 23.8125
0 0

0101101
*
Ed
 1e-07 1 1 0
1  38 0 5.56045105936617 5.69749976372244
2  59 15 33 5.56045105936617 5.69749976372244
2  60 6 2 5.56045105936617 5.69749976372244
0

0101000
+110 2 -124 0 *
Ve
1e-07
6.35 -2.54 19.05
0 0

0101101
*
Ed
 1e-07 1 1 0
1  39 0 5.4351232281981 6.28318530717959
2  61 15 36 5.4351232281981 6.28318530717959
2  62 6 0 5.4351232281981 6.28318530717959
0

0101000
+112 0 -108 0 *
Ve
1.00000006481269e-07
-4.20013020631503 -2.54 14.2875
0 0

0101101
*
Ed
 1e-07 1 1 0
1  39 0 2.29353057460831 3.98965473257127
2  61 15 36 2.29353057460831 3.98965473257127
2  62 6 0 2.29353057460831 3.98965473257127
0

0101000
+106 0 -110 0 *
Ve
1e-07
6.35 19.05 0
0 0

0101101
*
Ed
 1e-07 1 1 0
1  40 0 5.08 6.35
3  63 64CN 6 0 5.08 6.35
0

0101000
+108 0 -104 37 *
Ve
1e-07
-3.5100945697928 -2.54 13.7583333333333
0 0

0101101
*
Ed
 1e-07 1 1 0
1  41 0 2.41885840577638 2.55590711013264
2  65 15 33 2.41885840577638 2.55590711013264
2  66 6 2 2.41885840577638 2.55590711013264
0

0101000
+106 2 -102 0 *
Ed
 1e-07 1 1 0
1  8 0 0 6.28318530717959
2  9 6 19 0 6.28318530717959
2  10 6 21 0 6.28318530717959
0

0101100
+104 0 -104 0 *
Ed
 1e-07 1 1 0
1  42 0 -4.44089209850063e-16 5.08
2  67 10 0 -4.44089209850063e-16 5.08
2  68 6 2 -4.44089209850063e-16 5.08
4 G1 10 0 6 2
0

0101000
+102 0 -178 0 *
Ve
1.00000006481269e-07
4.20013020631503 -2.54 14.2875
0 0

0101101
*
Ed
 1e-07 1 1 0
1  39 0 0 0.848062078981481
2  61 15 36 0 0.848062078981481
2  62 6 0 0 0.848062078981481
0

0101000
+108 0 -98 0 *
Ve
1e-07
3.5100945697928 -2.54 13.7583333333333
0 0

0101101
*
Ed
 1e-07 1 1 0
1  43 0 -4.44089209850063e-16 5.08
2  69 12 0 -4.44089209850063e-16 5.08
2  70 6 2 -4.44089209850063e-16 5.08
4 G1 12 0 6 2
0

0101000
+96 0 -174 0 *
Ed
 1e-07 1 1 0
1  44 0 2.41885840577638 2.55590711013264
2  71 6 2 2.41885840577638 2.55590711013264
2  72 15 33 2.41885840577638 2.55590711013264
0

0101000
+98 2 -96 0 *
Wi

0101100
-191 35 -113 0 +122 0 -111 0 +109 0 +107 2 +105 2 +103 2 -101 0 +100 38 
-99 0 -103 2 -173 35 +97 2 +95 0 +94 0 *
Fa
0  1e-07 6 0

0111000
+93 34 *
Ve
1e-07
-16.917825744404 -2.54 13.3462001872802
0 0

0101101
*
Ed
 1e-07 1 1 0
1  45 0 -8.88178419700124e-16 5.08
2  73 8 0 -8.88178419700124e-16 5.08
2  74 21 5 -8.88178419700124e-16 5.08
4 G1 8 0 21 5
0

0101000
+190 0 -91 0 *
Ed
 1e-07 1 1 0
1  9 0 2.54 19.855611181829
0

0101000
-91 25 +119 26 *
Wi

0101100
-189 10 -90 0 +118 4 +89 24 *
Fa
0  1e-07 21 0

0101000
+88 6 *
Ve
1e-07
5.26514185468919 -2.54 23.8125
0 0

0101101
*
Ed
 1e-07 1 1 0
1  46 0 2.55590711013264 3.14159265358979
2  75 7 0 2.55590711013264 3.14159265358979
2  76 15 33 2.55590711013264 3.14159265358979
0

0101000
+114 0 -86 0 *
Ed
 1e-07 1 1 0
1  47 0 4.44089209850063e-16 5.08
2  77 7 0 4.44089209850063e-16 5.08
2  78 19 2 4.44089209850063e-16 5.08
4 G1 7 0 19 2
0

0101000
+86 0 -188 0 *
Wi

0101100
+85 0 -113 0 +84 0 -187 0 *
Fa
0  0 7 0

0111000
+83 0 *
Ve
1e-07
-15.6910999450169 -2.54 14.2875
0 0

0101101
*
Ed
 1e-07 1 1 0
1  48 0 -4.44089209850063e-16 5.08
2  79 8 0 -4.44089209850063e-16 5.08
2  80 22 5 -4.44089209850063e-16 5.08
4 G1 8 0 22 5
0

0101000
+186 0 -81 0 *
Ed
 1e-07 1 1 0
1  49 0 1.83259571459405 3.14159265358979
2  81 8 0 1.83259571459405 3.14159265358979
2  82 15 27 1.83259571459405 3.14159265358979
0

0101000
+91 0 -81 0 *
Wi

0101100
+185 0 -90 0 +80 0 -79 0 *
Fa
0  0 8 0

0111000
+78 0 *
Ve
1e-07
22.9998895055166 -2.54 23.8125
0 0

0101101
*
Ed
 1e-07 1 1 0
1  50 0 -4.44089209850063e-16 5.08
2  83 9 0 -4.44089209850063e-16 5.08
2  84 19 5 -4.44089209850063e-16 5.08
4 G1 9 0 19 5
0

0101000
+184 0 -76 0 *
Ed
 1e-07 1 1 0
1  4 0 29.239536634939 46.9742842857664
0

0101000
-76 25 +86 29 *
Wi

0101100
-183 10 -75 0 -84 15 +74 24 *
Fa
0  1e-07 19 0

0101000
+73 6 *
Ve
1e-07
-5.2651418546892 -2.54 14.2875
0 0

0101101
*
Ed
 1e-07 1 1 0
1  51 0 -4.44089209850062e-16 5.08
2  85 10 0 -4.44089209850062e-16 5.08
2  86 22 2 -4.44089209850062e-16 5.08
4 G1 10 0 22 2
0

0101000
+71 0 -182 0 *
Ed
 1e-07 1 1 0
1  12 0 21.9307470744394 32.3567051647671
0

0101000
-81 25 +71 29 *
Wi

0101100
-181 10 -80 0 -70 15 +69 24 *
Fa
0  1e-07 22 0

0101000
+68 6 *
Ve
1e-07
24.2266153049037 -2.54 22.8712001872802
0 0

0101101
*
Ed
 1e-07 1 1 0
1  52 0 -4.44089209850063e-16 5.08
2  87 9 0 -4.44089209850063e-16 5.08
2  88 23 5 -4.44089209850063e-16 5.08
4 G1 9 0 23 5
0

0101000
+180 0 -66 0 *
Ed
 1e-07 1 1 0
1  53 0 3.14159265358979 4.45058959258554
2  89 9 0 3.14159265358979 4.45058959258554
2  90 15 27 3.14159265358979 4.45058959258554
0

0101000
+76 0 -66 0 *
Wi

0101100
+179 0 -75 0 +65 0 -64 0 *
Fa
0  0 9 0

0111000
+63 0 *
Ed
 1e-07 1 1 0
1  54 0 5.69749976372243 6.28318530717959
2  91 10 0 5.69749976372243 6.28318530717959
2  92 15 33 5.69749976372243 6.28318530717959
0

0101000
+102 0 -71 0 *
Wi

0101100
+61 0 -99 0 +70 0 -177 0 *
Fa
0  0 10 0

0111000
+60 0 *
Ve
1e-07
30.5998791912549 -2.54 -0.914144446626713
0 0

0101101
*
Ed
 1e-07 1 1 0
1  55 0 -4.44089209850063e-16 5.08
2  93 11 0 -4.44089209850063e-16 5.08
2  94 23 13 -4.44089209850063e-16 5.08
4 G1 11 0 23 13
0

0101000
+176 0 -58 0 *
Ed
 1e-07 1 1 0
1  15 0 2.53999999999999 27.1644007423286
0

0101000
-66 25 +58 26 *
Wi

0101100
-175 10 -65 0 +57 4 +56 24 *
Fa
0  1e-07 23 0

0101000
+55 6 *
Ve
1e-07
28.8038279670411 -2.54 -4.02499641996134
0 0

0101101
*
Ed
 1e-07 1 1 0
1  56 0 -0 5.08
2  95 11 0 -0 5.08
2  96 24 13 -0 5.08
4 G1 11 0 24 13
0

0101000
+172 0 -53 0 *
Ed
 1e-07 1 1 0
1  57 0 4.45058959258554 6.02138591938044
2  97 11 0 4.45058959258554 6.02138591938044
2  98 15 28 4.45058959258554 6.02138591938044
0

0101000
+58 0 -53 0 *
Wi

0101100
+171 0 -57 0 +52 0 -51 0 *
Fa
0  0 11 0

0111000
+50 0 *
Ve
1e-07
5.2651418546892 -2.54 14.2875
0 0

0101101
*
Ed
 1e-07 1 1 0
