<?xml version='1.0' encoding='utf-8'?>
<!-- FreeCAD DocumentObject -->
<Document SchemaVersion="4" FileVersion="2">
<Object name="Pad">
  <Properties Count="46" TransientCount="2">
    <_Property name="_Body" type="App::PropertyLinkHidden" status="251658241"/>
    <_Property name="_ElementMapVersion" type="App::PropertyString" status="234881024"/>
    <Property name="AddSubShape" type="Part::PropertyPartShape">
      <Part HasherIndex="0" ElementMap="1.15.70200.4" brep="1">
<![CDATA[

CASCADE Topology V1, (c) Matra-Datavision
Locations 8
1
              1               0               0               0 
              0               1               0               0 
              0               0               1               0 
1
              1               0               0               0 
              0 -4.44089209850063e-16              -1               0 
              0               1 -4.44089209850063e-16               0 
1
              1               0               0              -0 
              0               1               0            2.54 
              0               0               1 1.12798659301916e-15 
2  1 1 2 1 3 1 0
1
              1               0               0               0 
              0               1               0           -5.08 
              0               0               1 -2.25597318603832e-15 
2  1 1 2 1 3 1 5 1 0
2  1 1 2 1 0
2  3 1 5 1 0
Curve2ds 0
Curves 16
1 -23.974394780249799 2.5399999999999894 23.8125 0 -1 -4.4408920985006262e-16 
1 -31.257279565815299 2.5400000000000014 -3.3675960454009286 0 -1 -4.4408920985006262e-16 
1 -23.974394780249799 23.8125 0 -0.25881904510252141 -0.9659258262890682 0 
1 -22.056836070412 2.5400000000000027 -5.8328474500024488 0 -1 -4.4408920985006262e-16 
1 -31.257279565815349 -3.3675960454009291 0 0.9659258262890682 -0.25881904510252135 0 
1 -16.665605219750201 2.5399999999999938 14.287500000000001 0 -1 -4.4408920985006262e-16 
1 -22.056836070411972 -5.8328474500024452 0 0.25881904510252135 0.9659258262890682 0 
1 16.665605219750201 2.5399999999999938 14.287500000000001 0 -1 -4.4408920985006262e-16 
1 16.665605219750201 14.287500000000003 0 -1 0 0 
1 22.056836070412 2.5400000000000027 -5.8328474500024488 0 -1 -4.4408920985006262e-16 
1 16.665605219750201 14.287500000000003 0 0.25881904510252163 -0.96592582628906809 0 
1 31.257279565815299 2.5400000000000014 -3.3675960454009388 0 -1 -4.4408920985006262e-16 
1 22.056836070411975 -5.8328474500024452 0 0.96592582628906831 0.25881904510252052 0 
1 23.974394780249899 2.5399999999999894 23.8125 0 -1 -4.4408920985006262e-16 
1 31.257279565815335 -3.3675960454009419 0 -0.2588190451025173 0.96592582628906931 0 
1 -23.974394780249799 23.8125 0 1 0 0 
Polygon3D 0
PolygonOnTriangulations 0
Surfaces 9
1 -23.974394780249799 2.5399999999999894 23.8125 0.9659258262890682 1.1493874523372645e-16 -0.25881904510252141 -0.25881904510252141 4.2895723697048114e-16 -0.9659258262890682 0 1 4.4408920985006262e-16 
1 -31.257279565815349 2.5400000000000014 -3.3675960454009277 0.25881904510252135 -4.2895723697048114e-16 0.9659258262890682 0.9659258262890682 1.1493874523372642e-16 -0.25881904510252135 0 1 4.4408920985006262e-16 
1 -22.056836070411972 2.5400000000000027 -5.8328474500024443 -0.9659258262890682 -1.1493874523372642e-16 0.25881904510252135 0.25881904510252135 -4.2895723697048114e-16 0.9659258262890682 0 1 4.4408920985006262e-16 
1 16.665605219750201 2.5399999999999938 14.287500000000005 -0 4.4408920985006262e-16 -1 -1 -0 0 0 1 4.4408920985006262e-16 
1 16.665605219750201 2.5399999999999938 14.287500000000005 0.96592582628906809 -1.1493874523372655e-16 0.25881904510252163 0.25881904510252163 4.2895723697048109e-16 -0.96592582628906809 0 1 4.4408920985006262e-16 
1 22.056836070411975 2.5400000000000027 -5.8328474500024443 -0.25881904510252052 -4.2895723697048119e-16 0.96592582628906831 0.96592582628906831 -1.1493874523372606e-16 0.25881904510252052 0 1 4.4408920985006262e-16 
1 31.257279565815335 2.5400000000000014 -3.3675960454009406 -0.96592582628906931 1.1493874523372463e-16 -0.2588190451025173 -0.2588190451025173 -4.2895723697048163e-16 0.96592582628906931 0 1 4.4408920985006262e-16 
1 -23.974394780249799 2.5399999999999894 23.8125 0 -4.4408920985006262e-16 1 1 0 0 -0 1 4.4408920985006262e-16 
1 1.3761592827753608e-14 -5.1108159677068977e-15 11.508534443861983 -4.3790577010150533e-47 1 4.4408920985006262e-16 0 -4.4408920985006262e-16 1 1 4.3790577010150533e-47 1.9446922743316068e-62 
Triangulations 0

TShapes 44
Ve
1e-07
-23.9743947802498 23.8125 0
0 0

0101101
*
Ed
 1e-07 1 1 0
1  1 0 0 5.08
0

0101000
+44 4 -44 6 *
Ve
1.00000000444089e-07
-31.2572795658153 -3.36759604540093 0
0 0

0101101
*
Ed
 1.00000000444089e-07 1 1 0
1  2 0 0 5.08
0

0101000
+42 4 -42 6 *
Ed
 1e-07 1 1 0
1  3 0 0 28.1389060170619
0

0101000
+44 0 -42 0 *
Wi

0101100
+43 0 -41 0 -40 4 +40 6 *
Fa
0  1e-07 1 0

0111000
+39 0 *
Ve
1e-07
-22.056836070412 -5.83284745000245 0
0 0

0101101
*
Ed
 1e-07 1 1 0
1  4 0 0 5.08
0

0101000
+37 4 -37 6 *
Ed
 1e-07 1 1 0
1  5 0 0 9.525
0

0101000
+42 0 -37 0 *
Wi

0101100
+41 0 -36 0 -35 4 +35 6 *
Fa
0  1e-07 2 0

0111000
+34 0 *
Ve
1.00000001776357e-07
-16.6656052197502 14.2875 0
0 0

0101101
*
Ed
 1.00000001776357e-07 1 1 0
1  6 0 0 5.08
0

0101000
+32 4 -32 6 *
Ed
 1e-07 1 1 0
1  7 0 0 20.8301164565623
0

0101000
+37 0 -32 0 *
Wi

0101100
+36 0 -31 0 -30 4 +30 6 *
Fa
0  1e-07 3 0

0111000
+29 0 *
Ve
1e-07
16.6656052197502 14.2875 0
0 0

0101101
*
Ed
 1e-07 1 1 0
1  8 0 0 5.08
0

0101000
+27 4 -27 6 *
Ed
 1e-07 1 1 0
1  9 0 0 33.3312104395004
0

0101000
+27 0 -32 0 *
Wi

0101100
+26 0 -31 0 -25 4 +25 6 *
Fa
0  1e-07 4 0

0111000
+24 0 *
Ve
1e-07
22.056836070412 -5.83284745000245 0
0 0

0101101
*
Ed
 1e-07 1 1 0
1  10 0 0 5.08
0

0101000
+22 4 -22 6 *
Ed
 1e-07 1 1 0
1  11 0 0 20.8301164565623
0

0101000
+27 0 -22 0 *
Wi

0101100
+26 0 -21 0 -20 4 +20 6 *
Fa
0  1e-07 5 0

0111000
+19 0 *
Ve
1e-07
31.2572795658153 -3.36759604540094 0
0 0

0101101
*
Ed
 1e-07 1 1 0
1  12 0 0 5.08
0

0101000
+17 4 -17 6 *
Ed
 1e-07 1 1 0
1  13 0 0 9.52499999999998
0

0101000
+22 0 -17 0 *
Wi

0101100
+21 0 -16 0 -15 4 +15 6 *
Fa
0  1e-07 6 0

0111000
+14 0 *
Ve
1e-07
23.9743947802499 23.8125 0
0 0

0101101
*
Ed
 1e-07 1 1 0
1  14 0 0 5.08
0

0101000
+12 4 -12 6 *
Ed
 1e-07 1 1 0
1  15 0 0 28.1389060170619
0

0101000
+17 0 -12 0 *
Wi

0101100
+16 0 -11 0 -10 4 +10 6 *
Fa
0  1e-07 7 0

0111000
+9 0 *
Ed
 1e-07 1 1 0
1  16 0 0 47.9487895604997
0

0101000
+44 0 -12 0 *
Wi

0101100
+43 0 -11 0 -7 4 +7 6 *
Fa
0  1e-07 8 0

0111000
+6 0 *
Wi

0101100
+40 0 +35 0 +30 0 -25 0 +20 0 +15 0 +10 0 -7 0 *
Fa
0  1e-07 9 0

0111000
-4 7 *
Sh

0101100
-38 0 -33 0 -28 0 +23 0 -18 0 -13 0 -8 0 +5 0 +3 3 -3 8 
*
So

1100000
+2 0 *

+1 0 ]]>
      </Part>
      <ElementMap new="1" count="1"><Element key="Dummy" value="Dummy"/></ElementMap>
      <ElementMap2 count="58">
<![CDATA[
4 PostfixCount 12
Edge
Face
Vertex
;:G;XTR;:H6b:7,F
;:G0;XTR;:H6b:8,F
;:U;XTR;:H6b:7,E
;:U;XTR;:H6b:7,V
;:G;XTR;:H6b:7,E
;FAC;:H6b:4,F
;:U2;XTR;:H6b:8,V
;SKT;:H6b,E
;SKT;:H6b,V

MapCount 1

ElementMap 1 4 3

Edge

ChildCount 0

NameCount 25
0
$#45.8 0
$#4.8 0
;g8.b 0
$#1d.6 0
$#5.8 0
;g1.b 0
$#16.6 0
$#6.8 0
;g2.b 0
$#17.6 0
$#3d.8 0
;g30.b 0
$#214.6 0
$#3f.8 0
;g4.b 0
$#19.6 0
$#41.8 0
;g5.b 0
$#1a.6 0
$#22a.8 0
;g6.b 0
$#1b.6 0
;g29.b 0
$#216.6 0

Face

ChildCount 0

NameCount 11
0
$#12.4 0
$#2.4 0
$#c.4 0
$#211.4 0
$#e.4 0
$#f.4 0
$#10.4 0
$#213.4 0
$#2.9 0
$#14.5 0

Vertex

ChildCount 0

NameCount 17
0
;g8v1.c ;g29v1.c 0
$#4f.7 0
;g1v1.c ;g8v2.c 0
$#1f.7 0
;g1v2.c ;g2v1.c 0
$#20.7 0
;g2v2.c ;g30v2.c 0
$#21.7 0
;g4v1.c ;g30v1.c 0
$#4b.7 0
;g5v1.c ;g4v2.c 0
$#4b.a 0
;g6v1.c ;g5v2.c 0
$#4c.a 0
;g29v2.c ;g6v2.c 0
$#4d.a 0

EndMap
]]>
      </ElementMap2>
    </Property>
    <Property name="AddSubType" type="App::PropertyEnumeration">
      <Integer value="0"/>
    </Property>
    <Property name="AllowMultiFace" type="App::PropertyBool">
      <Bool value="true"/>
    </Property>
    <Property name="AlongSketchNormal" type="App::PropertyBool" status="4">
      <Bool value="false"/>
    </Property>
    <Property name="AutoTaperInnerAngle" type="App::PropertyBool">
      <Bool value="true"/>
    </Property>
    <Property name="BaseFeature" type="App::PropertyLink" status="8">
      <Link value=""/>
    </Property>
    <Property name="CheckUpToFaceLimits" type="App::PropertyBool">
      <Bool value="true"/>
    </Property>
    <Property name="ClaimChildren" type="App::PropertyBool" status="134217728">
      <Bool value="false"/>
    </Property>
    <Property name="ColoredElements" type="App::PropertyLinkSubHidden" status="218103808">
      <LinkSub value="" count="0">
      </LinkSub>
    </Property>
    <Property name="Direction" type="App::PropertyVector" status="4">
      <PropertyVector valueX="0" valueY="-1" valueZ="-4.440892098500626e-16"/>
    </Property>
    <Property name="ExpressionEngine" type="App::PropertyExpressionEngine" status="67108864">
      <ExpressionEngine count="0"></ExpressionEngine>
    </Property>
    <Property name="Fit" type="App::PropertyDistance">
      <Float value="0"/>
    </Property>
    <Property name="FitJoin" type="App::PropertyEnumeration">
      <Integer value="0"/>
    </Property>
    <Property name="FixShape" type="App::PropertyEnumeration">
      <Integer value="1"/>
    </Property>
    <Property name="InnerFit" type="App::PropertyDistance">
      <Float value="0"/>
    </Property>
    <Property name="InnerFitJoin" type="App::PropertyEnumeration">
      <Integer value="0"/>
    </Property>
    <Property name="InvalidShape" type="App::PropertyBool" status="67108864">
      <Bool value="false"/>
    </Property>
    <Property name="Label" type="App::PropertyString" status="134217728">
      <String value="Pad"/>
    </Property>
    <Property name="Label2" type="App::PropertyString" status="128">
      <String value=""/>
    </Property>
    <Property name="Length" type="App::PropertyLength">
      <Float value="5.08"/>
    </Property>
    <Property name="Length2" type="App::PropertyLength">
      <Float value="100"/>
    </Property>
    <Property name="Linearize" type="App::PropertyBool">
      <Bool value="true"/>
    </Property>
    <Property name="Midplane" type="App::PropertyBool">
      <Bool value="true"/>
    </Property>
    <Property name="NewSolid" type="App::PropertyBool">
      <Bool value="false"/>
    </Property>
    <Property name="Offset" type="App::PropertyLength">
      <Float value="0"/>
    </Property>
    <Property name="Placement" type="App::PropertyPlacement" status="8388620">
      <PropertyPlacement Px="0" Py="0" Pz="0" Q0="0" Q1="0" Q2="0" Q3="1" A="0" Ox="0" Oy="0" Oz="1"/>
    </Property>
    <Property name="Profile" type="App::PropertyLinkSub">
      <LinkSub value="Sketch" count="1">
        <Sub value=""/>
      </LinkSub>
    </Property>
    <Property name="ReferenceAxis" type="App::PropertyLinkSub">
      <LinkSub value="" count="0">
      </LinkSub>
    </Property>
    <Property name="Refine" type="App::PropertyBool">
      <Bool value="true"/>
    </Property>
    <Property name="Reversed" type="App::PropertyBool" status="4">
      <Bool value="false"/>
    </Property>
    <Property name="Shape" type="Part::PropertyPartShape">
      <Part HasherIndex="0" ElementMap="1.15.70200.4" brep="1">
<![CDATA[

CASCADE Topology V1, (c) Matra-Datavision
Locations 8
1
              1               0               0               0 
              0               1               0               0 
              0               0               1               0 
1
              1               0               0               0 
              0 -4.44089209850063e-16              -1               0 
              0               1 -4.44089209850063e-16               0 
1
              1               0               0              -0 
              0               1               0            2.54 
              0               0               1 1.12798659301916e-15 
2  1 1 2 1 3 1 0
1
              1               0               0               0 
              0               1               0           -5.08 
              0               0               1 -2.25597318603832e-15 
2  1 1 2 1 3 1 5 1 0
2  1 1 2 1 0
2  3 1 5 1 0
Curve2ds 0
Curves 16
1 -23.974394780249799 2.5399999999999894 23.8125 0 -1 -4.4408920985006262e-16 
1 -31.257279565815299 2.5400000000000014 -3.3675960454009286 0 -1 -4.4408920985006262e-16 
1 -23.974394780249799 23.8125 0 -0.25881904510252141 -0.9659258262890682 0 
1 -22.056836070412 2.5400000000000027 -5.8328474500024488 0 -1 -4.4408920985006262e-16 
1 -31.257279565815349 -3.3675960454009291 0 0.9659258262890682 -0.25881904510252135 0 
1 -16.665605219750201 2.5399999999999938 14.287500000000001 0 -1 -4.4408920985006262e-16 
1 -22.056836070411972 -5.8328474500024452 0 0.25881904510252135 0.9659258262890682 0 
1 16.665605219750201 2.5399999999999938 14.287500000000001 0 -1 -4.4408920985006262e-16 
1 16.665605219750201 14.287500000000003 0 -1 0 0 
1 22.056836070412 2.5400000000000027 -5.8328474500024488 0 -1 -4.4408920985006262e-16 
1 16.665605219750201 14.287500000000003 0 0.25881904510252163 -0.96592582628906809 0 
1 31.257279565815299 2.5400000000000014 -3.3675960454009388 0 -1 -4.4408920985006262e-16 
1 22.056836070411975 -5.8328474500024452 0 0.96592582628906831 0.25881904510252052 0 
1 23.974394780249899 2.5399999999999894 23.8125 0 -1 -4.4408920985006262e-16 
1 31.257279565815335 -3.3675960454009419 0 -0.2588190451025173 0.96592582628906931 0 
1 -23.974394780249799 23.8125 0 1 0 0 
Polygon3D 0
PolygonOnTriangulations 0
Surfaces 9
1 -23.974394780249799 2.5399999999999894 23.8125 0.9659258262890682 1.1493874523372645e-16 -0.25881904510252141 -0.25881904510252141 4.2895723697048114e-16 -0.9659258262890682 0 1 4.4408920985006262e-16 
1 -31.257279565815349 2.5400000000000014 -3.3675960454009277 0.25881904510252135 -4.2895723697048114e-16 0.9659258262890682 0.9659258262890682 1.1493874523372642e-16 -0.25881904510252135 0 1 4.4408920985006262e-16 
1 -22.056836070411972 2.5400000000000027 -5.8328474500024443 -0.9659258262890682 -1.1493874523372642e-16 0.25881904510252135 0.25881904510252135 -4.2895723697048114e-16 0.9659258262890682 0 1 4.4408920985006262e-16 
1 16.665605219750201 2.5399999999999938 14.287500000000005 -0 4.4408920985006262e-16 -1 -1 -0 0 0 1 4.4408920985006262e-16 
1 16.665605219750201 2.5399999999999938 14.287500000000005 0.96592582628906809 -1.1493874523372655e-16 0.25881904510252163 0.25881904510252163 4.2895723697048109e-16 -0.96592582628906809 0 1 4.4408920985006262e-16 
1 22.056836070411975 2.5400000000000027 -5.8328474500024443 -0.25881904510252052 -4.2895723697048119e-16 0.96592582628906831 0.96592582628906831 -1.1493874523372606e-16 0.25881904510252052 0 1 4.4408920985006262e-16 
1 31.257279565815335 2.5400000000000014 -3.3675960454009406 -0.96592582628906931 1.1493874523372463e-16 -0.2588190451025173 -0.2588190451025173 -4.2895723697048163e-16 0.96592582628906931 0 1 4.4408920985006262e-16 
1 -23.974394780249799 2.5399999999999894 23.8125 0 -4.4408920985006262e-16 1 1 0 0 -0 1 4.4408920985006262e-16 
1 1.3761592827753608e-14 -5.1108159677068977e-15 11.508534443861983 -4.3790577010150533e-47 1 4.4408920985006262e-16 0 -4.4408920985006262e-16 1 1 4.3790577010150533e-47 1.9446922743316068e-62 
Triangulations 0

TShapes 44
Ve
1e-07
-23.9743947802498 23.8125 0
0 0

0101101
*
Ed
 1e-07 1 1 0
1  1 0 0 5.08
0

0101000
+44 4 -44 6 *
Ve
1.00000000444089e-07
-31.2572795658153 -3.36759604540093 0
0 0

0101101
*
Ed
 1.00000000444089e-07 1 1 0
1  2 0 0 5.08
0

0101000
+42 4 -42 6 *
Ed
 1e-07 1 1 0
1  3 0 0 28.1389060170619
0

0101000
+44 0 -42 0 *
Wi

0101100
+43 0 -41 0 -40 4 +40 6 *
Fa
0  1e-07 1 0

0101000
+39 0 *
Ve
1e-07
-22.056836070412 -5.83284745000245 0
0 0

0101101
*
Ed
 1e-07 1 1 0
1  4 0 0 5.08
0

0101000
+37 4 -37 6 *
Ed
 1e-07 1 1 0
1  5 0 0 9.525
0

0101000
+42 0 -37 0 *
Wi

0101100
+41 0 -36 0 -35 4 +35 6 *
Fa
0  1e-07 2 0

0101000
+34 0 *
Ve
1.00000001776357e-07
-16.6656052197502 14.2875 0
0 0

0101101
*
Ed
 1.00000001776357e-07 1 1 0
1  6 0 0 5.08
0

0101000
+32 4 -32 6 *
Ed
 1e-07 1 1 0
1  7 0 0 20.8301164565623
0

0101000
+37 0 -32 0 *
Wi

0101100
+36 0 -31 0 -30 4 +30 6 *
Fa
0  1e-07 3 0

0101000
+29 0 *
Ve
1e-07
16.6656052197502 14.2875 0
0 0

0101101
*
Ed
 1e-07 1 1 0
1  8 0 0 5.08
0

0101000
+27 4 -27 6 *
Ed
 1e-07 1 1 0
1  9 0 0 33.3312104395004
0

0101000
+27 0 -32 0 *
Wi

0101100
+26 0 -31 0 -25 4 +25 6 *
Fa
0  1e-07 4 0

0101000
+24 0 *
Ve
1e-07
22.056836070412 -5.83284745000245 0
0 0

0101101
*
Ed
 1e-07 1 1 0
1  10 0 0 5.08
0

0101000
+22 4 -22 6 *
Ed
 1e-07 1 1 0
1  11 0 0 20.8301164565623
0

0101000
+27 0 -22 0 *
Wi

0101100
+26 0 -21 0 -20 4 +20 6 *
Fa
0  1e-07 5 0

0101000
+19 0 *
Ve
1e-07
31.2572795658153 -3.36759604540094 0
0 0

0101101
*
Ed
 1e-07 1 1 0
1  12 0 0 5.08
0

0101000
+17 4 -17 6 *
Ed
 1e-07 1 1 0
1  13 0 0 9.52499999999998
0

0101000
+22 0 -17 0 *
Wi

0101100
+21 0 -16 0 -15 4 +15 6 *
Fa
0  1e-07 6 0

0101000
+14 0 *
Ve
1e-07
23.9743947802499 23.8125 0
0 0

0101101
*
Ed
 1e-07 1 1 0
1  14 0 0 5.08
0

0101000
+12 4 -12 6 *
Ed
 1e-07 1 1 0
1  15 0 0 28.1389060170619
0

0101000
+17 0 -12 0 *
Wi

0101100
+16 0 -11 0 -10 4 +10 6 *
Fa
0  1e-07 7 0

0101000
+9 0 *
Ed
 1e-07 1 1 0
1  16 0 0 47.9487895604997
0

0101000
+44 0 -12 0 *
Wi

0101100
+43 0 -11 0 -7 4 +7 6 *
Fa
0  1e-07 8 0

0101000
+6 0 *
Wi

0101100
+40 0 +35 0 +30 0 -25 0 +20 0 +15 0 +10 0 -7 0 *
Fa
0  1e-07 9 0

0101000
-4 7 *
Sh

0101100
-38 0 -33 0 -28 0 +23 0 -18 0 -13 0 -8 0 +5 0 +3 3 -3 8 
*
So

1100000
+2 0 *

+1 0 ]]>
      </Part>
      <ElementMap new="1" count="1"><Element key="Dummy" value="Dummy"/></ElementMap>
      <ElementMap2 count="58">
<![CDATA[
5 PostfixCount 12
Edge
Face
Vertex
;:G;XTR;:H6b:7,F
;:G0;XTR;:H6b:8,F
;:U;XTR;:H6b:7,E
;:U;XTR;:H6b:7,V
;:G;XTR;:H6b:7,E
;FAC;:H6b:4,F
;:U2;XTR;:H6b:8,V
;SKT;:H6b,E
;SKT;:H6b,V

MapCount 1

ElementMap 1 5 3

Edge

ChildCount 0

NameCount 25
0
$#45.8 0
$#4.8 0
;g8.b 0
$#1d.6 0
$#5.8 0
;g1.b 0
$#16.6 0
$#6.8 0
;g2.b 0
$#17.6 0
$#3d.8 0
;g30.b 0
$#214.6 0
$#3f.8 0
;g4.b 0
$#19.6 0
$#41.8 0
;g5.b 0
$#1a.6 0
$#22a.8 0
;g6.b 0
$#1b.6 0
;g29.b 0
$#216.6 0

Face

ChildCount 0

NameCount 11
0
$#12.4 0
$#2.4 0
$#c.4 0
$#211.4 0
$#e.4 0
$#f.4 0
$#10.4 0
$#213.4 0
$#2.9 0
$#14.5 0

Vertex

ChildCount 0

NameCount 17
0
;g8v1.c ;g29v1.c 0
$#4f.7 0
;g1v1.c ;g8v2.c 0
$#1f.7 0
;g1v2.c ;g2v1.c 0
$#20.7 0
;g2v2.c ;g30v2.c 0
$#21.7 0
;g4v1.c ;g30v1.c 0
$#4b.7 0
;g5v1.c ;g4v2.c 0
$#4b.a 0
;g6v1.c ;g5v2.c 0
$#4c.a 0
;g29v2.c ;g6v2.c 0
$#4d.a 0

EndMap
]]>
      </ElementMap2>
    </Property>
    <Property name="Suppress" type="App::PropertyBool">
      <Bool value="false"/>
    </Property>
    <Property name="SuppressedShape" type="Part::PropertyPartShape">
      <Part ElementMap="0.15.70200.4" brep="1">
<![CDATA[

CASCADE Topology V1, (c) Matra-Datavision
Locations 0
Curve2ds 0
Curves 0
Polygon3D 0
PolygonOnTriangulations 0
Surfaces 0
Triangulations 0

TShapes 0

*]]>
      </Part>
      <ElementMap/>
    </Property>
    <Property name="TaperAngle" type="App::PropertyAngle" status="4">
      <Float value="0"/>
    </Property>
    <Property name="TaperAngleRev" type="App::PropertyAngle" status="4">
      <Float value="0"/>
    </Property>
    <Property name="TaperInnerAngle" type="App::PropertyAngle">
      <Float value="0"/>
    </Property>
    <Property name="TaperInnerAngleRev" type="App::PropertyAngle">
      <Float value="0"/>
    </Property>
    <Property name="TreeRank" type="App::PropertyInteger" status="2184">
      <Integer value="12"/>
    </Property>
    <Property name="Type" type="App::PropertyEnumeration">
      <Integer value="0"/>
    </Property>
    <Property name="UpToFace" type="App::PropertyLinkSub">
      <LinkSub value="" count="0">
      </LinkSub>
    </Property>
    <Property name="UseCustomVector" type="App::PropertyBool">
      <Bool value="false"/>
    </Property>
    <Property name="UsePipeForDraft" type="App::PropertyBool">
      <Bool value="false"/>
    </Property>
    <Property name="ValidateShape" type="App::PropertyBool">
      <Bool value="false"/>
    </Property>
    <Property name="Visibility" type="App::PropertyBool" status="648">
      <Bool value="false"/>
    </Property>
    <Property name="_ProfileBasedVersion" type="App::PropertyInteger" status="67108864">
      <Integer value="1"/>
    </Property>
    <Property name="_Siblings" type="App::PropertyLinkList" status="218103808">
      <LinkList count="0">
      </LinkList>
    </Property>
  </Properties>
</Object>
</Document>
